2
6
100
1127
35198
8275079362982490275505
10000000000
316227766016837933200047468326280272338555577195155574926661413093554797812473565985434057048785681887329441213939820693961097
564646546546545646546546545641654654654445564565456456
436450601906691125256567409916371600036863096496607357705174
86384948039785832662143159228262139862778861226094197181517702052960302065
48774452737554958411910746787430278453993610730896689732258244113035518367573234025276
304705167177926496977868189651781595524398704374714530280642425218138461813961059512506620170321299347204
28700997037528836486456736528265959397763906962316988544994621244668266915832286112420856452573617934142233316968605
4888223437489736402687380998339706140963988276049269567615438933419707628158563478973085054982027392564358483314706373900
219379803705535309149350949497568047090515401568055831797741813828973160304050026752605974854548706898581662031406612227464292754
1068585463301116586207174658001989107893027095310188497056772237663974649366911068418592284687451397009255405802314318855647061295019528685
13590912213281619829425846987309148685366071107340847455927890591793368422488272673448692260814351978067675794257047436613163027963139771914793008
1104598038198108547003408577947901977173515728989109965554384942883650817710483815437112306315468961785111866479691540809014338310063687059124780372075535302195972958198567529012748703938821524279945995908221518944695162006724068058418797994883468283123030508141373914902931605968527472360709322412762060586243225753399258423838623341714500695306272586814673748009091223640843457700468685966822880549670407804813196124830441373893116025942321165023788875779685941681065508859350718596225302103616819943897427531353097901478065782138939804512686476258366861933486843786

