12
3 4 5 6 7 8 9
1 2 4 8 16 32
44 22 11 5 2 1
13 9 5
1 2 4 8 16 32 64 128 256 512 1024 2048 4096 8192 16384 32768 65536 131072
12345679 37037037 111111111 333333333 999999999
131072 65536 32768 16384 8192 4096 2048 1024 512 256 128 64 32 16 8 4 2 1
-1 2 -4 -8 -16 -32 -64 -128 -256 -512 -1024 -2048 -4096 -8192 -16384 -32768 -65536 -131072
11 121 1331 14641
212 424 636 848 1060 1272 1484 1696 1908 2120 2332 2544 2756 2968
0 10 20 30 40 50 60 70 80 90 100 110 120 130 140 150 160 170 180 190 200
212 44944 9528128 2019963136
