204
3
6
11
28
549
136
840
738
429
931
415
869
1000
573
224
79
133
738
329
902
842
831
53
103
505
39
159
539
648
465
10
939
83
206
337
368
262
205
225
614
824
973
396
15
433
839
936
340
176
200
110
131
989
1
44
595
795
969
662
498
317
605
379
724
787
299
788
125
143
649
753
44
593
7
66
411
874
837
114
655
905
516
812
730
996
147
356
457
249
632
274
45
299
177
615
62
87
572
46
381
906
117
116
607
600
796
914
273
393
376
876
670
512
411
569
513
471
774
841
760
577
190
872
827
15
459
275
125
637
484
624
297
413
957
449
824
341
582
17
645
515
18
973
307
943
272
228
718
675
172
318
957
772
669
825
779
632
139
347
338
283
575
942
445
252
525
929
99
798
918
414
374
367
449
952
777
327
46
298
42
231
18
285
956
85
921
495
217
331
804
532
512
604
487
391
973
569
741
620
920
554
755
728
339