499
8 3 5 10 14
290 4 68 8 100
340 233 487 274 34
359 5 89 1 24
1 1 1 1 1
1 6 2 15 6
3 6 21 7 3
17 82 200 82 29
380 176 489 431 289
141 377 137 171 37
39 219 446 459 113
364 217 449 215 169
114 425 322 255 320
387 463 35 379 360
290 97 128 299 494
39 325 217 279 282
349 328 38 11 103
89 49 317 270 52
304 422 43 356 357
476 152 490 268 259
494 288 79 395 482
282 471 34 196 116
42 51 250 345 421
190 485 28 448 2
183 413 45 405 339
192 220 147 434 173
323 460 217 468 256
183 236 173 294 165
196 287 60 273 215
67 428 420 181 282
264 42 210 323 478
93 70 411 236 169
50 206 41 35 403
392 61 428 355 424
191 158 129 444 326
206 83 478 176 166
264 415 254 107 149
375 284 99 324 23
364 399 60 488 121
24 68 59 451 181
162 461 148 311 173
15 313 278 193 214
486 45 119 235 274
479 477 175 80 282
183 319 178 377 210
56 466 446 42 108
150 194 429 54 6
321 145 243 45 75
346 26 74 194 111
368 145 1 411 287
295 341 50 220 264
55 22 327 97 164
326 444 73 420 492
334 412 437 394 94
52 125 462 81 24
202 496 435 141 149
95 317 180 19 96
245 241 144 6 449
189 381 71 486 378
153 2 431 378 234
308 289 450 319 353
385 390 164 472 373
100 224 405 115 435
445 336 106 402 98
3 294 227 255 185
46 146 284 294 246
476 8 452 458 154
446 130 327 412 363
341 371 167 175 386
101 460 93 326 424
488 210 151 65 296
144 63 330 176 183
386 336 158 307 333
426 206 362 230 353
372 72 305 429 154
47 307 226 239 367
494 78 83 342 474
26 491 473 446 57
417 209 99 434 191
72 284 119 234 273
67 266 60 490 386
51 33 46 351 41
344 317 82 171 131
277 95 370 450 224
397 217 14 342 302
90 231 417 478 90
36 157 311 144 379
290 468 56 44 242
419 407 60 469 226
126 84 194 83 200
18 57 411 444 489
445 288 433 11 24
63 183 283 298 292
390 62 304 464 17
440 384 68 323 146
293 156 401 168 274
410 136 30 53 145
14 40 140 266 68
156 170 429 314 359
452 25 402 25 327
113 321 345 347 67
377 208 285 15 342
285 423 48 56 224
79 273 474 466 325
486 87 132 373 89
370 310 139 366 376
335 46 394 361 248
207 82 328 208 179
316 143 24 125 181
450 275 281 467 389
223 299 484 215 304
169 195 251 434 53
288 219 315 97 74
346 113 430 486 305
92 286 11 444 316
423 46 409 455 203
4 222 95 28 452
70 134 8 176 21
482 107 284 108 259
245 373 239 119 198
291 141 43 453 194
54 194 13 399 234
421 32 496 330 496
21 239 62 499 280
498 190 496 93 395
150 289 186 260 325
24 353 211 323 361
148 424 286 196 480
105 167 124 459 248
93 400 345 468 400
124 463 51 121 264
474 362 190 320 481
368 390 155 468 342
71 469 177 177 438
380 144 351 258 346
178 234 160 389 254
284 242 161 395 163
65 401 296 406 227
164 112 43 43 19
42 472 44 42 15
416 375 473 39 492
343 358 1 211 332
330 447 229 453 372
179 236 312 61 231
129 463 248 156 6
147 43 323 17 166
259 269 297 259 136
16 9 159 208 100
440 53 176 456 233
3 447 200 8 478
265 240 43 476 469
98 152 387 438 251
78 79 185 266 489
386 365 468 106 75
131 376 52 43 395
148 238 480 452 278
441 408 360 363 220
18 159 254 464 456
188 30 127 224 274
261 126 159 4 182
422 454 85 454 20
46 16 362 448 229
388 440 235 210 103
130 75 435 191 333
59 366 165 324 314
46 500 279 379 180
399 321 369 138 410
293 273 205 310 169
193 122 388 320 459
411 366 107 263 216
196 110 358 391 363
80 403 317 107 70
160 471 159 18 105
56 117 437 420 61
89 251 434 448 32
184 322 238 472 56
211 165 415 237 375
124 268 467 328 94
497 200 442 316 56
109 116 461 294 380
110 184 132 411 377
427 288 75 51 27
147 224 271 198 169
172 139 170 342 457
382 298 224 261 214
235 45 484 434 289
145 56 13 417 239
207 227 354 84 91
412 251 110 261 494
267 460 232 236 455
139 9 22 414 132
206 49 71 407 63
482 144 152 459 424
254 403 211 53 364
490 283 339 182 272
258 35 406 194 273
477 168 44 401 303
323 103 313 312 215
21 397 32 406 355
386 495 343 116 390
287 322 47 176 204
166 78 410 183 401
26 500 195 321 136
169 442 254 441 269
475 450 256 398 300
471 269 304 90 107
291 115 347 340 198
424 197 37 454 307
10 94 337 391 158
437 175 177 495 363
375 385 76 417 496
190 160 104 415 343
270 499 315 297 384
419 363 77 344 143
399 349 153 297 330
255 116 365 220 320
173 437 186 428 288
209 280 82 485 428
483 413 391 374 227
140 149 214 126 484
141 4 187 286 211
347 253 414 469 217
365 336 268 221 465
83 119 96 75 179
110 35 118 447 343
489 16 31 495 425
54 316 317 98 201
379 279 274 249 5
59 431 101 258 222
375 491 45 241 363
170 99 427 217 327
269 403 134 51 42
495 314 137 216 220
261 391 195 98 98
326 413 91 456 310
483 303 48 234 223
435 282 195 332 95
329 20 86 214 376
127 66 189 345 359
70 333 224 355 14
331 253 458 321 175
72 374 466 417 87
486 81 166 206 270
215 383 273 166 107
392 438 148 78 459
452 385 410 406 267
50 379 471 136 309
397 492 321 415 44
43 359 117 98 286
289 269 32 137 105
83 284 260 199 423
11 20 427 380 433
222 3 118 251 362
275 76 97 93 74
161 378 291 210 448
354 357 328 220 245
366 277 344 180 201
318 93 274 48 440
453 156 484 282 352
302 358 130 467 90
313 218 431 29 85
44 264 243 99 233
324 342 462 487 317
464 137 487 185 377
419 176 219 183 325
223 270 332 98 15
299 321 315 468 253
148 475 21 438 308
468 124 96 317 37
175 321 25 140 304
286 193 88 106 496
111 446 374 331 305
408 142 218 186 262
305 98 300 69 391
185 202 352 46 143
271 388 121 415 218
159 276 345 342 82
371 119 48 381 491
260 16 331 298 48
339 104 42 249 411
91 445 444 276 399
318 50 139 91 191
310 229 379 442 99
196 119 307 382 266
378 445 10 377 279
140 268 122 3 9
285 336 69 96 382
292 464 495 407 43
214 190 401 68 199
125 123 17 361 78
107 471 419 254 342
337 310 116 105 120
372 365 199 54 139
79 22 252 188 472
451 265 156 346 427
191 338 307 10 210
280 449 331 207 351
239 35 416 32 16
259 341 48 39 131
495 483 283 499 369
192 194 334 356 115
428 262 235 70 130
168 211 158 170 130
375 151 308 216 375
128 142 254 21 78
293 240 478 388 201
437 148 404 6 23
357 176 469 322 392
76 20 249 493 205
499 55 386 313 361
322 499 16 103 406
57 146 407 184 286
426 13 456 96 12
121 317 154 28 138
99 400 426 441 200
199 310 338 202 430
360 320 174 19 117
244 425 56 110 493
241 362 269 288 301
65 33 211 492 455
304 216 326 160 184
265 438 401 409 2
402 382 481 289 194
146 265 186 136 22
175 437 44 130 118
308 94 205 18 133
71 390 46 209 258
477 143 277 151 483
484 109 39 319 292
337 232 236 233 5
329 156 183 454 444
436 266 31 216 57
373 266 220 240 296
84 88 432 174 300
227 151 184 97 493
172 227 398 25 82
385 23 231 291 32
285 1 126 276 161
310 263 310 485 267
290 309 126 477 372
214 442 303 64 68
363 202 500 45 308
279 329 454 235 105
440 223 2 98 238
300 354 413 399 421
252 349 303 396 427
218 26 368 477 441
91 483 32 363 390
472 464 376 10 445
356 470 486 24 453
179 321 4 51 206
441 381 340 178 123
389 491 21 251 142
340 431 200 56 346
238 478 461 97 210
213 164 490 455 479
265 320 110 384 130
425 396 349 267 170
441 404 230 473 425
398 295 256 216 459
318 180 105 98 78
189 140 371 369 431
267 67 257 307 172
468 183 463 221 277
13 288 316 461 188
36 331 306 325 491
442 178 447 185 319
62 17 497 74 173
49 84 290 57 337
458 175 335 235 172
78 415 481 455 119
245 198 337 162 417
73 222 140 156 144
53 7 50 234 213
179 109 325 10 310
90 30 89 191 298
364 402 277 442 164
364 74 449 325 139
154 21 452 46 18
76 127 407 384 139
214 247 209 131 482
104 364 447 353 354
425 159 209 303 423
121 8 490 207 232
359 40 262 123 306
98 397 6 253 321
195 455 351 130 467
442 117 388 208 479
222 434 198 285 156
405 418 5 361 57
367 70 26 340 195
436 389 305 254 33
266 454 281 437 469
49 385 414 418 433
420 164 5 347 65
299 149 318 91 274
53 128 370 239 329
21 80 498 472 262
404 24 166 324 271
247 451 2 231 123
72 409 124 287 184
388 50 407 119 63
451 199 90 331 272
409 15 358 246 415
74 229 299 7 206
195 402 286 5 81
444 18 284 255 331
242 153 191 14 337
48 24 71 226 479
199 257 377 165 155
135 227 315 263 455
182 18 92 457 348
55 377 90 207 438
480 422 466 132 418
140 416 151 30 86
189 183 140 167 418
407 104 336 407 403
459 500 49 353 445
332 390 243 14 443
374 368 80 236 492
214 73 49 261 186
54 328 144 190 31
139 260 260 268 249
469 235 336 356 173
457 354 232 435 78
304 195 317 267 91
303 129 32 435 37
103 384 44 77 334
216 441 377 186 97
196 368 218 127 330
37 62 65 479 482
90 190 30 289 113
210 255 184 270 54
129 441 231 16 378
442 271 27 467 50
265 233 152 191 116
175 420 73 178 26
60 475 203 220 350
373 408 310 323 448
317 497 305 125 63
70 440 363 454 392
212 308 199 147 479
258 272 234 384 68
70 45 51 234 128
331 332 386 332 493
477 272 243 378 458
98 342 63 324 244
197 155 374 430 304
316 82 312 64 21
169 368 132 59 394
106 133 349 110 264
37 406 373 160 266
175 363 247 459 473
165 207 97 437 467
92 110 183 38 79
379 348 393 368 486
231 404 79 417 21
164 272 361 436 316
292 157 123 138 206
394 303 90 466 118
457 166 263 88 249
330 188 479 481 471
438 488 71 289 225
259 402 230 464 121
373 60 500 170 135
434 341 291 260 296
339 303 488 273 225
2 283 211 199 498
114 366 470 369 186
290 262 300 372 326
261 25 179 226 363
96 344 243 368 152
66 258 372 109 423
315 218 389 169 183
266 56 484 463 61
484 147 445 253 430
268 417 163 211 399
349 432 447 268 344
86 159 392 54 95
370 484 261 211 155
367 111 422 5 92
71 306 201 490 483
417 322 149 189 80
414 180 58 77 255
108 357 247 118 418
317 403 383 39 367
293 310 2 455 494
293 68 47 232 407
333 341 74 76 182
460 289 253 432 362
462 8 166 438 40
31 15 319 59 119
57 147 198 312 85
135 131 460 145 47
346 143 128 299 211
494 156 210 17 147
101 82 139 200 386
89 205 290 55 170
321 61 180 462 449