16
6
44 230 161
7 14 171
84 57 31
79 108 50
24 5 178
130 217 84
7
25 184 122
139 252 57
244 172 167
63 19 243
237 147 33
52 28 194
39 42 90
9
177 7 100
38 2 213
46 30 68
51 35 7
142 14 122
246 225 117
231 123 138
29 97 138
214 57 50
33
100 196 92
235 96 8
128 118 194
56 140 212
2 64 165
127 84 108
196 54 103
67 129 141
1 146 80
203 108 237
128 185 61
81 173 47
152 6 121
138 226 108
159 246 42
68 56 234
39 173 131
176 152 106
37 64 211
147 218 223
217 172 23
91 134 197
146 247 33
254 144 104
146 115 121
222 164 217
11 187 24
140 88 189
36 226 164
173 186 24
235 67 197
12 6 224
31 198 250
27
123 129 0
55 221 96
7 183 240
175 178 61
62 236 16
162 134 102
175 205 47
85 229 121
218 172 247
25 252 226
75 233 206
82 77 221
195 43 206
49 116 205
167 5 76
2 87 211
124 115 92
42 185 130
138 253 82
213 204 158
121 139 7
35 215 114
160 63 97
142 55 92
207 54 69
7 45 17
142 132 222
10
153 240 21
82 195 140
150 29 160
132 225 168
91 221 127
0 98 175
71 145 212
228 6 106
17 186 71
235 138 219
17
0 71 215
104 197 45
180 73 69
127 216 210
249 175 185
2 20 148
113 246 213
79 6 40
193 97 82
159 118 38
43 93 97
57 9 118
198 187 9
238 197 96
163 201 1
123 181 116
167 76 1
20
241 203 249
132 126 254
201 188 143
222 215 95
95 61 102
26 94 160
104 59 78
111 203 158
24 126 29
37 42 249
141 61 40
164 109 227
60 28 203
36 37 137
137 15 1
235 233 115
127 82 133
124 174 64
102 23 111
236 204 82
24
71 32 85
47 0 60
4 220 200
0 85 230
45 134 154
244 32 31
80 16 176
66 105 215
55 154 235
223 122 88
125 207 203
218 13 229
106 203 25
179 77 89
221 107 151
219 172 161
216 142 239
7 36 249
67 223 213
248 45 56
12 249 143
149 163 108
91 102 177
115 81 32
45
120 99 78
102 175 113
11 74 107
21 9 11
166 94 146
37 73 5
161 42 107
57 83 65
165 31 83
60 63 228
116 249 75
60 201 71
245 160 33
151 210 8
43 37 174
71 245 112
56 65 4
65 237 23
54 157 226
128 75 75
83 232 170
225 38 253
108 71 184
157 204 132
114 41 198
41 133 196
32 186 190
46 171 51
203 60 73
119 155 173
50 127 10
178 58 34
78 247 3
92 97 155
89 123 155
195 228 205
219 130 66
174 189 65
191 22 84
3 133 36
54 33 217
2 82 252
60 121 6
125 183 166
213 151 237
24
58 209 136
29 192 147
67 181 212
145 19 220
154 246 173
243 75 146
24 64 128
44 69 64
118 184 174
26 16 229
159 5 164
18 201 188
67 17 128
220 51 63
145 224 95
175 87 188
52 7 147
94 57 72
153 188 82
222 156 133
55 112 185
142 253 235
129 2 55
218 114 204
5
204 140 90
186 177 126
36 158 103
39 220 74
182 16 29
4
251 183 22
128 199 177
224 68 123
92 95 208
41
149 246 226
41 212 237
39 168 148
72 36 133
106 236 98
245 222 31
70 250 99
64 135 178
199 144 23
198 106 17
93 123 91
125 237 207
63 132 10
120 250 208
65 159 120
107 131 249
96 0 128
228 22 118
248 207 194
249 194 241
26 83 156
181 161 76
141 52 32
207 228 22
70 149 21
97 88 242
112 124 154
194 231 40
204 222 248
170 153 176
215 199 71
229 133 227
155 161 8
224 7 144
198 240 47
174 33 241
178 53 13
219 107 144
22 207 199
155 76 179
46 195 140
44
163 47 13
39 75 10
148 43 108
136 237 50
154 166 247
202 93 75
130 37 72
97 114 188
182 48 245
195 101 174
130 14 137
199 76 77
208 228 185
90 18 96
231 72 226
87 202 149
138 249 87
115 24 85
46 45 73
218 193 91
61 131 113
215 154 36
253 138 204
89 29 37
189 240 126
33 192 214
28 35 187
191 1 246
60 85 62
64 201 162
176 189 83
181 108 95
220 160 253
191 56 60
90 250 193
53 112 149
207 64 86
115 218 107
43 155 84
162 58 243
223 132 254
232 37 102
165 192 110
107 156 215
48
146 34 235
223 251 95
133 34 61
83 107 95
108 195 144
102 172 224
209 172 205
157 33 122
238 234 137
170 242 218
161 203 139
24 92 11
101 106 51
190 210 162
223 205 247
198 100 192
132 160 124
44 191 93
68 36 47
250 99 36
109 71 244
96 26 8
4 200 241
241 160 172
87 58 88
79 116 244
191 151 219
29 141 0
90 76 149
250 34 15
206 149 143
225 138 150
179 197 222
192 236 130
14 179 189
62 73 223
174 186 55
94 240 27
188 79 238
104 139 208
40 222 33
57 46 237
243 57 96
101 121 167
96 251 81
233 40 117
112 194 200
195 249 95