15
434313341 465524651 421621325 236510044 233510302 155222002 211434004 454613006 222011356 
340255102 315103321 512516001 335353503 440200012 146141325 343250243 214554262 163512355 
535246213 533454152 014156563 120202550 514342163 465466620 411646645 506321143 245134442 
631263106 364111353 406125350 243241513 306116546 354322450 523645132 205255321 636316516 
110326545 055642055 320635234 220641541 656053012 314135665 152542250 452236100 344023540 
113201563 154563302 643335025 636641626 152346362 354315635 114323406 112020544 330322654 
102310021 002321545 560203434 134132124 663333230 140515456 513613514 545246356 206051301 
361052224 063602506 364434561 524421303 646032015 650302154 662166124 313224656 323563352 
430436566 404102514 442435053 111635323 503136062 226250030 331312624 336143524 350422254 
050026113 341532200 152121112 442145150 042601111 600360214 013415113 134232231 605626530 
312644346 435340264 520413324 655212200 620544205 615442063 541451516 053626521 241305212 
103342402 040264240 325334201 510550460 605423204 503300603 340235356 134630154 320632332 
225230445 664342430 423100046 506234352 254643400 011631101 636101243 454064414 635536103 
664403541 245002066 201203152 603100454 124233426 105312145 151266554 626050421 145235065 
444021142 146100433 342540333 460311406 035305055 014613161 160663641 545502241 646503165