7
4
1001
0110
1001
0110
0101
1010
1010
0101
5
10001
00110
00100
11100
00100
00100
11100
00100
11111
01010
5
11001
00111
11110
00101
10001
11011
01100
01110
10100
10101
3
101
010
001
100
010
111
7
0001101
1001100
1001011
1010001
0011100
0000100
0101001
1001010
0010000
0011100
1000101
1101001
0011001
1011000
5
00111
01100
00001
11110
00101
11100
00110
10000
11100
01011
10
0001100000
0100101101
1101100100
1111011000
1010111110
1111010001
0010110100
1111000110
0111001101
1101101111
0001100000
0100101101
1101100100
1111011000
1010111110
1111010001
0010110100
1111000110
0111001101
1101101111