19
1 8 9 638 7 94 904 84 0 840 838 0 84 9 782
23474578905 6 5 6 5 6 5 6 5 6 56 5 76 5 
86 94 02 8 940 99555 548 852824262 23 2853 46342 3
0 7302098 28060481 69589 28012296 9850929 3905
28808508 50850850 842 2 5398512 5208 85295 8563
80 8952 93968 080952 982285850 48852 285285 663
4963852852 96374
69 9852418852 48963 418 9852
8 596 9993 98283963 982934 13
741 2 74385 244 25 6398674 9
2717 0 9050 41 6278 2952
17665145140 407 82 251 871 79 8392938228732251756393
742751 0208 512783 950850 48 96292 490 6085 9852
80 8565 29528 262 98565 2950 95265 952 65095 652 95295 195
20 651 565 6 4 950 50 6260 5 260 650
50 50 51 852 65298 187 4 2 978495654978926486512
23456789034567897543456789765456787654 3456789 456789 546789
0 0 0 0 0 0 0 0 0 0 0 0 0 0 0 0 0 0
978 97853 978 3