100
9 4 14
5 29 28 5 1 29 12 4 27
1 0 13
7
30 11 14
11 22 14 9 0 13 7 10 28 7 8 20 19 10 2 15 1 20 16 2 27 14 29 21 15 4 14 4 0 4
7 1 4
15 24 10 10 10 27 6
21 1 65
27 20 22 1 15 2 17 8 15 3 12 25 18 0 25 8 13 10 26 5 14
9 1 117
6 10 9 28 15 17 21 20 21
70 61 90
18 21 10 27 25 18 27 12 23 18 6 26 20 8 11 23 1 14 20 5 24 14 10 28 23 29 8 26 27 15 4 28 4 27 28 15 19 8 27 27 26 6 1 20 7 3 22 5 13 12 10 18 11 5 29 25 16 9 7 6 20 21 0 9 26 29 27 5 6 13
52 2 142
25 4 12 8 17 5 23 0 26 9 26 15 8 20 25 21 23 29 6 12 25 15 26 23 15 26 17 17 17 2 1 9 5 3 11 24 3 26 24 10 12 7 27 4 5 22 18 6 27 15 17 1
47 45 29
10 17 18 0 26 12 0 1 5 9 3 1 28 16 28 3 7 18 11 9 26 24 7 19 27 14 15 21 8 6 6 4 28 12 27 25 21 6 4 18 29 27 7 24 14 25 15
41 32 133
23 15 22 3 8 0 21 18 22 25 13 13 25 16 21 27 4 24 29 7 10 15 29 14 23 6 19 11 6 13 20 9 20 15 0 20 14 5 1 9 12
12 3 196
23 4 8 27 19 26 23 20 13 23 18 27
100 11 76
29 29 23 22 27 10 23 7 20 24 8 14 0 4 0 6 25 3 21 6 5 24 9 23 16 0 29 14 7 12 11 3 24 24 18 27 25 28 11 22 0 15 15 15 22 24 8 24 29 3 25 6 4 28 24 18 27 17 24 5 28 15 21 4 3 4 22 6 5 27 10 4 22 13 23 28 3 2 16 10 10 20 7 6 12 27 5 17 19 28 26 21 27 14 19 20 6 5 7 2
62 16 97
8 20 15 18 1 24 19 24 26 14 23 10 26 0 11 27 23 2 24 21 25 10 20 28 7 1 19 19 0 27 13 18 8 9 14 11 11 11 10 23 8 0 10 21 8 13 29 13 8 27 22 3 2 8 16 4 28 17 21 7 11 22
37 36 280
0 29 21 18 29 28 16 21 7 10 13 24 9 9 5 17 22 6 21 17 27 17 13 1 22 4 26 17 25 2 9 16 13 20 4 19 23
86 56 146
7 1 1 17 0 5 5 13 14 2 20 11 19 25 20 20 15 26 13 5 18 12 8 6 3 29 1 4 7 4 3 19 1 18 5 21 21 9 23 21 0 2 25 2 27 20 23 0 8 17 12 22 3 14 0 18 13 15 23 0 26 9 2 15 29 0 5 2 22 9 23 24 14 26 0 12 24 13 7 15 11 20 26 15 13 9
73 0 252
12 4 11 4 9 12 24 17 27 8 10 25 14 18 29 10 2 13 14 7 28 29 13 29 16 11 16 10 29 18 27 25 13 4 23 20 14 18 17 15 6 17 0 6 12 23 7 0 20 20 25 6 16 13 22 6 26 16 1 1 0 9 29 14 13 19 16 22 16 4 28 18 12
127 15 77
15 25 7 20 19 18 4 10 2 28 3 11 14 15 28 15 3 29 6 11 7 25 10 25 17 24 13 20 17 20 22 27 25 6 16 5 25 23 28 23 20 6 5 23 5 26 23 21 6 25 2 14 16 16 6 22 1 13 8 25 9 12 3 11 7 15 2 15 5 27 15 6 27 6 6 10 0 23 20 6 19 11 14 2 7 23 19 19 0 27 3 25 6 15 19 13 19 4 0 3 28 20 12 4 6 6 24 22 19 6 25 5 19 23 9 23 28 26 1 15 19 8 2 0 7 13 19
153 111 334
17 25 13 23 23 16 16 6 1 27 5 24 0 12 0 1 21 7 19 16 7 28 7 8 22 27 23 8 23 9 22 7 14 28 27 8 5 17 10 11 20 14 28 12 9 24 7 0 14 9 26 8 18 0 28 1 21 28 13 24 6 6 18 8 6 9 19 1 21 21 20 29 24 18 24 15 13 24 16 21 17 16 24 3 28 12 7 0 8 12 21 21 20 5 10 11 28 0 11 21 2 1 18 14 19 6 16 10 26 14 14 6 4 22 26 13 4 29 16 4 7 18 4 29 3 5 14 3 13 3 28 16 12 23 28 20 14 6 19 18 18 15 20 5 11 29 13 8 18 9 22 11 9
91 50 289
6 21 2 1 10 21 1 26 22 5 2 18 3 3 3 11 24 20 21 11 6 20 28 19 9 24 14 12 8 3 22 7 13 13 27 0 20 3 16 17 6 16 5 1 10 28 23 2 1 10 13 23 21 0 0 6 27 21 9 14 27 26 4 0 7 23 14 25 15 16 23 26 9 14 18 23 25 6 20 29 17 15 10 10 27 19 1 8 1 20 11
145 104 244
5 12 17 29 0 28 0 24 4 13 9 17 17 28 3 12 25 22 26 23 14 26 5 14 28 29 4 12 29 17 8 1 2 10 16 10 0 8 20 9 2 19 6 3 4 13 24 14 2 7 19 24 5 7 10 1 5 15 6 18 24 15 16 17 2 7 9 24 17 24 26 13 1 3 19 7 5 29 11 22 10 24 21 27 16 17 12 21 27 2 1 2 6 26 18 6 21 10 14 18 17 28 15 29 5 13 2 4 1 29 25 27 2 12 12 29 20 4 13 11 21 18 17 10 17 8 18 22 8 2 10 7 11 5 1 29 18 14 16 21 29 29 21 14 27
83 22 246
19 2 19 14 4 1 15 4 10 25 27 8 21 27 23 27 18 8 22 22 16 9 9 11 8 6 15 12 20 9 22 8 7 16 21 1 24 20 10 16 26 3 14 28 23 7 4 24 12 16 5 4 10 4 23 2 8 12 5 22 17 0 10 10 12 7 16 4 19 25 12 29 25 25 20 27 7 21 14 28 17 3 0
25 22 348
29 18 25 29 26 29 16 2 0 18 15 26 28 15 14 28 7 23 21 9 2 15 12 20 26
54 17 17
24 13 10 26 29 8 0 4 6 5 2 7 16 17 8 6 29 16 19 14 10 25 17 20 22 20 3 25 12 17 1 1 17 26 24 6 20 15 26 21 8 21 2 14 19 23 19 1 3 10 2 17 29 14
44 34 277
27 21 13 28 17 14 27 29 7 17 3 23 4 26 24 13 0 3 0 26 12 28 23 27 5 18 16 13 24 4 1 1 27 9 7 10 2 1 0 7 5 18 13 4
160 12 457
1 22 24 18 2 7 16 28 0 5 12 29 8 1 18 20 4 1 15 6 29 8 12 1 2 22 0 13 8 17 25 9 14 2 18 11 26 24 13 4 1 4 22 21 3 3 29 4 14 23 2 5 12 0 11 0 29 17 0 8 4 17 25 18 13 10 21 11 15 15 8 3 5 24 3 13 14 25 29 26 22 8 2 25 13 2 0 15 19 1 1 8 2 9 6 15 18 26 4 28 0 18 16 6 18 4 7 8 28 25 26 5 14 14 7 0 5 7 26 10 23 29 5 1 6 26 23 1 8 0 11 28 15 24 3 0 17 4 27 21 15 7 4 15 26 8 14 29 17 2 26 3 3 5 21 7 27 6 29 20
157 86 500
11 23 17 29 8 9 18 13 21 9 4 4 26 1 0 18 13 6 6 22 11 15 22 2 3 15 4 20 2 22 9 12 10 3 11 3 26 14 11 27 9 14 20 5 15 11 5 21 11 3 26 15 25 18 3 29 24 13 5 7 27 17 29 15 0 9 11 24 15 24 20 8 4 7 6 26 29 9 11 3 8 1 19 20 27 15 21 23 12 13 1 2 24 8 4 19 1 7 9 4 0 2 25 26 11 15 20 16 6 7 19 4 19 28 14 22 14 22 23 2 22 2 4 7 26 19 22 17 8 6 19 19 14 26 5 10 28 7 11 6 28 16 19 1 23 22 24 8 25 16 7 21 28 18 10 11 1
59 36 211
12 25 23 9 9 13 4 13 28 19 24 14 19 9 24 23 20 5 9 24 3 10 5 21 22 25 4 25 5 25 8 18 9 7 28 25 19 25 23 13 7 1 0 23 7 21 25 17 9 29 13 10 18 15 6 27 12 16 28
58 50 363
3 24 6 10 25 5 29 6 6 16 16 14 24 4 13 4 11 12 5 16 13 24 21 8 10 11 25 27 13 22 28 24 21 2 14 9 28 1 1 17 26 20 12 8 21 22 2 10 1 25 26 14 23 2 23 5 0 11
195 76 484
17 2 5 11 4 8 20 21 3 28 12 9 16 24 28 18 2 29 23 17 1 7 17 12 27 15 8 9 17 0 19 12 21 13 17 1 15 26 2 10 3 18 5 23 23 20 12 5 7 24 12 14 5 16 1 21 13 14 3 19 9 5 25 8 11 27 22 12 28 26 28 18 13 10 5 28 17 27 8 7 12 6 15 10 1 26 1 10 18 22 17 10 8 22 6 19 27 12 11 5 3 26 23 28 21 25 23 19 12 17 16 12 20 14 28 12 20 1 8 18 9 2 8 24 11 22 23 22 14 12 11 21 15 11 6 25 26 4 18 3 27 6 15 3 2 1 17 4 17 13 0 28 3 1 26 23 28 13 13 27 7 23 12 25 23 21 0 16 11 8 11 14 11 17 28 18 26 14 28 9 3 9 8 17 27 18 29 24 0 26 5 27 29 28 26
23 22 400
10 25 21 19 16 7 2 17 14 21 4 25 4 4 24 9 12 18 12 28 29 3 1
29 18 233
15 3 20 22 14 26 16 7 0 3 16 8 2 13 5 7 14 27 3 25 14 2 17 7 1 10 15 17 21
114 91 494
22 27 23 24 22 23 21 8 4 29 6 2 8 4 16 0 3 2 27 7 3 10 27 10 26 16 19 2 5 21 5 11 23 5 18 16 18 23 1 7 26 17 7 29 17 1 18 2 4 6 16 25 6 6 21 1 8 7 0 26 9 24 29 18 11 1 0 21 20 12 29 28 14 21 6 28 15 23 10 4 5 25 26 0 14 13 22 27 7 27 11 18 14 27 18 19 18 11 3 25 2 6 27 28 6 19 17 14 29 16 8 6 29 20
244 104 287
12 6 2 12 20 7 4 7 6 15 3 21 5 22 29 11 11 28 25 15 7 4 20 3 14 16 20 16 7 10 24 21 0 12 23 2 21 3 29 22 12 3 8 11 14 1 10 24 28 1 0 5 11 19 22 22 7 23 6 16 28 3 29 5 22 8 5 16 21 10 18 25 13 6 8 0 15 3 14 18 5 9 9 23 15 15 17 23 2 21 15 19 3 13 25 21 15 15 5 26 19 3 18 27 17 13 22 16 27 6 20 25 4 18 12 12 19 6 23 29 26 24 26 14 17 0 5 25 2 16 28 16 25 19 10 18 22 29 16 7 11 29 15 9 17 11 27 22 13 11 18 29 20 2 2 14 11 1 2 27 4 13 4 19 3 22 13 3 0 20 27 28 14 1 20 22 1 23 9 5 16 17 19 16 9 7 17 13 19 8 1 10 18 29 26 6 12 13 7 14 11 10 22 12 21 25 3 6 4 28 16 9 11 5 7 5 8 6 3 25 23 16 9 8 3 9 16 26 16 4 18 5 27 3 5 1 25 15 7 25 10 19 9 20
310 123 386
18 29 20 3 21 1 7 0 10 17 14 6 18 5 21 0 4 0 11 8 23 14 14 23 24 20 1 12 23 24 19 19 5 3 29 26 19 5 17 8 24 11 18 1 28 4 3 22 23 25 23 10 6 28 21 12 13 26 25 10 7 27 8 26 21 12 8 20 5 9 10 26 22 15 24 2 8 26 0 12 10 10 13 28 4 9 23 25 24 23 19 5 11 22 10 18 11 13 2 5 6 8 25 18 22 3 0 8 14 8 25 25 21 2 14 22 2 21 22 11 7 28 14 22 25 17 23 4 4 25 20 4 25 28 0 25 21 2 10 18 20 20 3 0 2 19 27 4 7 29 16 6 12 14 18 26 16 10 20 20 0 24 4 11 14 2 27 28 26 5 7 22 14 2 23 11 7 5 14 10 22 13 15 17 14 4 21 7 2 8 1 1 5 20 16 25 0 1 10 18 5 7 22 22 7 23 29 11 27 5 2 23 26 0 7 17 16 20 7 29 29 11 15 2 15 26 7 9 12 10 27 24 24 21 22 28 21 28 6 8 11 17 6 17 0 14 17 20 9 16 24 1 20 10 18 18 12 2 17 22 16 23 1 11 29 7 27 12 26 26 10 3 9 28 24 12 8 3 26 8 2 20 9 13 6 22 1 22 21 19 23 14 4 9 15 23 4 22 15 9 0 1 8 1 2 2 6 16 24 17
246 147 8
16 21 27 21 13 9 3 0 10 3 11 5 28 1 27 5 20 19 19 3 23 18 24 27 27 12 5 9 23 16 18 10 20 19 22 20 4 17 15 3 5 8 2 9 0 11 14 0 15 25 9 12 27 19 19 19 11 21 29 12 15 25 17 10 4 25 29 24 10 24 1 28 20 1 28 24 16 10 13 11 11 15 10 11 26 18 5 19 25 11 27 27 23 13 16 3 14 0 24 1 13 6 29 9 4 4 25 12 29 9 18 1 5 5 13 18 29 7 21 27 18 19 8 20 22 28 5 24 20 29 3 18 5 20 10 12 16 14 11 23 5 25 25 29 22 15 18 10 22 11 27 9 19 4 3 6 21 18 28 2 23 27 9 18 8 24 17 3 6 14 9 28 17 22 29 27 9 26 9 2 29 4 13 15 24 7 18 8 19 14 9 25 6 0 18 24 7 27 8 28 7 20 8 3 22 1 18 11 9 28 17 7 16 28 29 17 28 28 0 26 16 18 16 2 26 8 9 13 17 16 18 26 21 22 20 24 25 20 15 14 11 26 18 15 20 7
232 73 435
25 22 6 10 16 10 6 4 18 13 18 7 27 15 23 14 18 28 27 25 27 26 13 12 6 14 0 19 2 11 13 20 14 18 11 2 10 1 12 5 7 19 20 4 26 11 24 1 22 28 15 19 13 10 3 9 19 4 0 8 5 25 15 16 23 11 25 1 13 29 8 20 5 8 29 3 3 2 6 24 28 17 13 13 16 15 19 15 15 21 20 4 4 10 13 13 26 18 11 17 29 29 29 18 3 23 26 2 8 1 8 11 6 25 15 16 13 21 26 1 26 27 9 26 28 7 29 25 2 25 8 20 13 12 7 12 15 11 27 10 26 18 20 9 24 1 18 8 2 29 10 24 20 27 18 14 22 10 26 10 7 19 23 7 14 29 24 9 27 25 8 11 27 23 29 1 21 1 13 3 28 6 0 0 6 4 7 7 23 24 19 21 7 13 20 10 22 10 10 26 17 22 19 17 6 2 8 0 10 4 4 10 11 19 3 26 27 25 23 21 20 2 8 5 19 3 7 23 16 16 4 0
105 76 29
14 17 22 10 2 11 28 13 16 26 18 2 21 6 8 23 2 28 7 17 29 29 7 13 28 2 29 11 29 12 4 2 4 17 2 24 10 25 16 26 19 26 15 0 1 21 18 3 12 19 15 14 6 23 9 10 26 13 10 21 22 8 0 15 24 10 5 22 24 20 27 10 4 18 0 5 6 26 29 16 21 13 1 15 21 5 8 19 17 17 2 22 18 22 2 27 20 20 22 8 25 7 21 0 15
127 60 655
0 14 16 20 24 27 28 29 17 22 13 25 21 19 29 5 5 2 5 19 5 13 10 24 11 7 4 4 29 21 23 12 22 20 7 28 18 27 16 26 17 13 13 4 7 15 29 25 6 28 26 2 11 6 22 1 20 29 4 15 8 17 6 16 11 8 9 0 19 10 0 9 27 27 19 2 19 20 8 8 8 25 12 2 15 0 18 20 7 17 26 0 6 23 22 29 3 4 12 14 26 7 29 7 13 1 18 29 6 4 20 9 5 19 21 25 28 19 12 2 0 25 9 9 21 11 10
99 6 669
25 14 17 27 22 6 23 20 1 3 17 26 3 3 25 13 24 18 7 25 16 8 21 29 8 26 25 4 0 20 9 23 3 2 22 15 12 17 0 19 20 18 19 11 21 9 15 18 16 6 21 2 22 10 19 23 17 13 17 4 10 23 1 5 17 11 18 20 16 26 8 3 22 2 16 8 16 16 29 6 9 9 25 6 23 21 14 2 15 13 2 22 4 26 3 22 13 9 7
273 226 392
4 2 13 5 2 20 11 27 8 16 9 7 12 26 10 2 16 13 13 20 4 22 19 25 21 9 6 11 23 15 7 12 16 0 26 15 7 7 25 8 16 26 25 28 13 17 6 10 5 27 24 18 28 25 6 4 13 22 26 22 17 12 6 15 18 3 27 26 1 25 19 5 4 22 26 6 21 17 18 28 11 8 11 13 25 7 16 8 13 7 29 20 20 23 5 25 7 11 21 16 18 10 12 12 28 4 4 5 9 16 27 7 26 13 14 22 23 23 20 7 0 21 11 3 21 26 14 12 12 8 2 2 15 19 6 18 29 2 1 29 17 21 18 13 2 3 29 8 18 23 15 12 6 16 17 13 25 8 6 22 6 12 15 4 8 1 1 12 11 17 2 24 9 11 8 12 19 17 28 28 24 25 17 17 27 17 8 21 29 11 18 13 16 18 0 23 10 22 19 10 10 17 17 5 0 11 6 4 6 29 29 4 16 7 27 8 0 9 3 28 13 29 19 6 25 5 21 18 3 18 21 18 18 12 12 6 19 1 28 1 3 20 20 9 20 0 12 12 29 6 17 19 15 11 19 21 8 13 1 23 4 12 4 15 29 9 8 18 13 7 4 28 21
378 86 543
12 2 5 28 13 22 10 26 21 19 12 8 24 15 26 18 25 26 21 14 7 8 28 13 3 24 26 26 25 19 12 7 26 21 10 5 12 0 21 2 24 2 17 8 27 7 15 29 10 11 26 10 10 4 0 15 7 5 26 12 10 22 23 9 4 5 27 23 7 5 14 20 16 27 0 6 9 19 26 18 13 25 23 22 16 29 19 20 25 4 11 9 2 13 1 21 11 19 3 21 10 23 22 14 7 9 20 19 3 8 4 22 3 16 23 22 6 17 23 21 12 3 24 1 4 25 25 24 12 14 22 21 24 17 11 22 29 22 18 23 28 2 19 3 25 20 27 27 20 10 13 8 24 11 5 28 4 29 20 15 6 15 1 18 11 14 10 2 19 8 7 26 19 12 23 0 20 23 23 9 6 12 16 2 27 24 6 13 1 27 29 13 3 25 15 15 21 19 15 26 22 14 28 13 28 10 13 26 6 13 18 7 15 27 16 10 5 19 10 18 29 0 21 18 25 23 6 12 28 1 22 27 25 9 23 29 20 2 15 22 28 20 19 21 7 18 18 19 12 19 9 24 13 23 28 5 29 27 6 2 8 7 0 7 24 13 16 23 27 25 23 10 24 24 21 11 28 23 4 24 2 15 14 24 21 19 24 12 24 18 10 0 2 4 29 8 1 21 0 4 17 24 25 4 0 11 4 28 3 3 9 2 18 10 7 0 17 5 23 3 1 22 3 25 2 14 20 1 27 25 16 20 7 15 17 24 5 24 20 11 16 10 24 22 1 23 17 28 6 12 29 0 7 14 27 24 24 29 20 28 17 15 25 0 4 5 16 26 18 13 0 21 29 15 7 21 26 25
70 2 241
16 29 19 3 19 17 23 12 9 1 15 0 13 28 19 19 19 29 21 27 24 8 0 29 3 6 20 12 12 7 17 15 25 17 12 11 0 3 2 20 29 6 14 8 5 16 1 13 12 21 14 24 10 0 16 0 28 6 3 25 27 8 3 7 22 7 24 14 0 13
409 12 388
11 7 29 13 13 1 22 24 16 26 5 2 0 6 22 16 10 26 2 4 15 22 14 9 9 28 2 22 29 4 9 21 23 12 3 15 15 18 2 14 25 16 12 18 29 8 23 22 11 1 21 7 24 3 24 26 24 15 8 2 22 19 11 29 22 19 29 6 17 15 19 11 8 0 2 19 24 6 14 18 12 19 27 9 0 6 6 27 10 15 12 0 10 24 1 18 9 21 17 12 20 16 26 15 28 29 16 10 23 2 27 11 4 3 2 25 3 23 10 4 9 26 2 17 24 20 11 9 28 29 1 0 21 29 7 15 18 19 10 6 8 23 16 26 0 16 8 20 1 23 21 2 8 23 4 17 27 16 6 20 17 25 13 17 5 4 10 25 11 11 5 2 13 28 15 3 6 20 7 3 18 2 22 14 23 15 13 23 14 23 24 25 22 24 20 26 4 8 2 26 12 21 23 18 17 21 21 2 1 20 15 6 14 17 7 13 4 16 8 14 7 24 28 12 7 8 0 8 18 20 9 20 0 9 18 19 3 28 22 24 20 12 24 15 25 11 3 12 24 22 14 0 25 19 29 24 21 6 8 13 0 3 18 13 1 19 26 0 18 25 14 26 25 0 20 24 26 9 3 20 17 29 16 25 27 7 15 15 24 17 27 9 28 15 8 27 9 14 1 22 3 13 12 23 2 14 9 10 19 22 5 26 15 26 6 18 17 14 1 29 9 4 22 14 11 19 24 5 14 24 7 9 26 18 22 26 3 21 24 3 12 15 26 4 20 27 1 19 8 3 29 17 22 22 13 17 20 14 4 24 5 2 6 1 0 10 11 14 10 23 15 16 28 8 26 29 16 18 11 18 19 3 23 18 29 16 28 29 10 13 23 29 5 17 6 4 21 2 8 4 28 8 20 9 4 28 4 24 4
84 53 399
24 11 17 1 11 17 6 29 21 3 17 0 4 3 19 18 16 15 5 9 25 7 7 13 0 12 25 19 3 6 20 17 21 10 26 0 1 23 10 22 29 2 7 8 7 26 10 18 2 11 9 2 1 28 4 25 22 21 0 28 8 24 17 7 28 5 14 27 5 26 19 3 15 0 20 2 10 18 16 29 22 27 17 12
198 47 556
19 8 3 29 19 3 23 16 10 23 4 22 14 28 27 12 5 11 5 28 29 10 5 27 1 25 28 28 10 15 28 25 9 22 21 16 25 0 9 1 7 5 1 3 13 13 21 13 7 2 28 9 11 18 29 29 22 0 29 0 16 16 19 24 19 17 5 28 5 1 17 14 27 14 2 23 0 1 26 7 4 20 25 13 6 26 1 17 25 19 24 25 10 0 20 17 4 14 23 12 25 27 0 18 15 1 1 21 1 20 23 6 23 29 11 29 28 10 4 21 14 28 27 5 19 3 8 14 20 0 18 22 22 3 10 22 29 3 13 29 3 24 26 4 22 4 25 11 29 26 6 21 2 27 25 19 9 23 5 29 12 4 2 9 25 10 10 23 29 6 8 1 0 10 16 29 11 12 16 28 1 21 0 15 10 19 26 15 23 20 5 9 20 3 22 5 26 6
238 185 31
14 20 19 15 25 17 28 0 4 29 4 2 4 0 4 16 0 1 14 26 19 7 27 18 23 7 16 5 7 2 17 1 14 2 21 9 2 20 19 13 5 23 3 5 20 18 22 2 15 8 24 27 11 22 16 20 23 19 13 28 29 14 24 26 3 15 19 3 24 14 21 22 7 7 13 27 6 15 15 9 7 26 20 29 3 25 4 15 11 25 18 14 13 18 1 12 24 5 23 10 19 9 17 4 24 26 9 23 24 14 1 18 11 5 21 19 29 7 15 0 9 12 21 28 25 27 9 17 5 10 3 17 15 1 10 10 3 8 21 2 10 0 27 19 22 16 1 17 8 7 20 24 26 15 20 9 15 7 22 27 12 6 9 22 28 5 5 29 14 9 29 27 19 24 17 28 18 13 6 28 0 26 4 23 14 9 14 10 2 4 17 4 16 14 27 6 0 5 25 13 21 15 21 10 21 1 11 22 23 4 18 13 29 12 17 29 5 9 1 3 25 14 10 7 18 23 26 6 3 3 11 23 3 16 18 4 12 28
402 364 920
3 4 1 19 4 18 23 18 7 9 19 20 6 9 12 28 14 7 21 15 11 3 28 7 12 2 11 7 26 12 12 13 4 1 27 22 8 4 3 5 29 23 25 21 10 4 21 2 25 5 6 15 2 1 9 12 7 11 12 10 12 1 25 24 15 27 6 22 6 19 7 14 25 5 14 18 10 0 19 21 9 3 0 15 1 8 13 4 28 24 12 24 22 15 3 0 14 6 23 26 29 23 16 25 4 8 24 5 18 17 3 23 0 11 22 22 21 23 3 27 19 15 18 12 11 18 17 28 25 22 12 2 0 9 19 12 26 5 3 22 6 18 16 3 21 24 29 23 23 13 11 6 21 25 6 5 0 23 12 22 0 20 28 14 4 8 24 5 24 19 16 10 0 20 12 0 24 24 6 22 12 7 9 26 23 29 13 18 24 26 2 26 4 14 5 1 22 10 15 12 17 26 10 24 1 0 25 7 17 17 5 11 18 28 16 16 7 17 22 0 19 10 2 1 18 11 8 13 7 14 9 9 11 11 10 5 22 23 18 10 26 15 4 22 21 20 12 15 24 28 9 26 27 13 5 19 22 27 11 2 27 24 2 29 20 1 10 16 4 16 6 0 28 1 24 22 10 4 0 21 11 9 27 29 10 27 16 11 20 27 10 16 23 23 4 15 5 23 9 21 15 27 13 25 12 17 1 10 15 18 29 27 6 10 27 4 8 23 15 29 17 12 0 8 25 16 5 11 1 29 10 19 0 16 29 8 18 22 9 18 25 23 26 15 10 28 15 22 27 12 1 13 4 8 9 11 17 18 25 4 16 17 1 25 28 11 8 26 8 27 0 16 12 6 15 1 5 10 7 8 4 24 5 7 8 14 0 23 22 22 0 12 19 5 11 27 21 28 27 24 6 23
110 28 266
18 29 11 9 10 24 0 12 9 1 2 29 8 14 16 5 2 5 26 5 13 9 19 24 8 23 12 13 17 20 20 27 27 6 26 24 28 3 8 24 10 18 16 19 5 26 17 5 14 28 22 29 24 6 3 3 20 29 10 15 4 29 7 10 27 22 1 13 29 14 16 19 13 9 11 12 6 11 14 28 10 29 15 13 13 0 6 11 2 20 21 3 14 0 21 24 27 22 9 13 13 6 6 26 20 8 21 27 22 21
330 84 266
4 21 10 9 1 5 3 9 7 18 24 12 21 19 20 27 2 26 9 13 9 6 7 5 14 20 4 4 7 21 15 10 26 4 21 21 24 21 17 0 21 21 5 22 28 26 12 21 0 8 28 1 18 6 11 1 14 9 25 3 23 29 26 14 19 11 5 24 7 1 1 14 14 12 2 9 25 3 2 15 25 21 2 27 28 28 2 9 29 17 21 22 1 19 27 3 1 5 13 23 0 14 11 24 7 24 8 13 6 3 23 19 29 25 26 10 23 19 7 9 4 22 8 12 9 16 3 0 24 20 4 22 5 28 25 15 3 15 8 29 5 22 21 18 29 27 25 22 24 28 15 10 22 0 21 15 4 24 1 14 3 9 21 10 7 1 3 2 3 0 9 28 7 22 3 12 10 29 28 27 6 28 16 10 21 8 5 16 14 10 12 21 9 11 20 10 1 6 14 0 25 26 22 26 12 6 17 26 1 14 29 0 22 15 17 3 29 9 4 17 1 23 22 14 22 17 7 18 12 3 16 27 12 26 17 13 23 23 26 18 16 28 5 20 10 24 22 16 19 0 3 20 27 16 27 0 26 2 29 6 16 11 29 4 16 15 9 0 3 23 17 29 3 2 7 1 25 5 11 9 1 2 18 1 8 7 6 2 18 13 27 27 7 16 13 9 6 19 2 21 24 23 7 9 7 0 7 18 4 4 27 16 15 26 10 24 20 10 19 12 1 8 18 24 22 6 0 12 1 17
383 238 295
10 26 12 15 27 6 25 8 23 12 1 2 12 19 18 5 0 7 11 3 22 26 7 9 16 18 27 15 6 24 10 6 29 10 13 11 20 20 7 2 5 4 15 17 24 6 5 0 5 29 27 29 13 14 0 24 26 28 4 25 14 27 19 12 14 10 24 18 0 16 22 28 11 19 8 28 24 0 4 14 0 16 15 3 22 0 22 18 18 10 8 22 5 3 14 19 8 13 15 22 20 7 4 24 11 22 27 20 20 14 2 29 15 23 22 4 0 9 19 24 19 6 28 27 23 2 8 29 10 16 19 20 0 4 28 13 11 1 14 25 8 29 0 10 12 28 25 20 8 28 8 15 16 16 19 26 25 23 9 6 6 10 1 25 25 5 12 29 16 17 24 28 10 15 0 13 6 19 21 9 9 26 28 15 9 18 5 13 9 7 16 14 29 7 16 13 11 19 27 20 16 19 2 8 7 17 26 0 18 21 24 2 17 18 27 10 13 5 9 27 10 16 16 11 3 15 2 24 14 13 10 29 26 6 17 17 20 15 15 22 6 11 26 1 23 8 6 5 28 17 22 24 6 10 22 1 1 17 3 6 8 13 2 22 29 29 29 21 24 24 2 18 7 26 6 8 13 9 15 12 26 12 8 25 15 6 28 20 3 17 21 27 29 1 25 24 27 11 12 22 18 28 18 14 25 2 28 23 27 4 8 6 0 10 9 2 24 19 0 7 29 11 6 9 23 5 6 20 5 7 5 10 15 5 2 27 7 14 25 28 9 6 6 16 23 1 18 10 2 0 27 14 1 14 22 16 6 9 0 21 21 5 20 5 5 23 8 9 19 15 28 9 7 3 29 5 13 14 3 28 27 28 27
501 65 499
18 3 21 28 3 7 5 22 7 27 17 18 8 4 25 25 0 4 5 10 0 3 16 17 6 17 18 25 0 24 18 21 2 29 10 4 18 4 19 9 21 3 13 20 0 20 16 9 18 25 14 26 24 9 18 27 7 16 19 24 26 2 17 28 13 20 25 17 29 19 10 27 24 17 22 3 6 22 18 24 3 2 18 5 8 17 1 21 3 2 15 17 15 2 11 20 8 0 27 11 21 10 20 13 5 29 20 10 12 22 24 13 2 18 12 18 11 17 11 9 10 4 15 29 23 8 10 10 26 18 23 26 2 13 19 28 5 16 17 21 10 4 16 3 0 29 27 22 5 12 19 15 6 9 5 10 23 29 23 29 3 29 28 28 4 10 8 12 17 7 10 26 18 29 3 7 6 21 2 7 27 5 4 14 4 29 14 15 16 25 9 2 14 23 5 0 4 8 17 20 24 28 4 29 13 19 1 20 25 21 2 26 12 26 9 21 17 20 26 23 1 2 6 19 5 9 25 6 0 15 13 16 28 3 3 25 27 2 18 28 10 24 19 21 25 17 27 12 24 29 29 7 14 13 10 19 25 5 15 21 2 16 4 7 25 15 12 7 6 0 26 22 6 22 23 20 17 23 15 28 7 5 28 11 21 24 29 14 6 13 16 10 8 17 22 0 7 11 24 23 8 19 23 21 20 3 18 7 10 2 4 21 22 19 27 25 0 27 6 27 3 19 11 16 9 11 29 3 19 17 0 23 20 13 12 8 0 26 15 16 23 5 9 4 15 5 20 19 1 3 11 6 25 15 15 12 8 6 10 27 26 6 19 12 23 4 22 3 25 27 20 16 25 23 2 28 26 21 21 9 2 28 22 13 15 18 10 6 12 6 10 12 11 16 9 7 27 6 13 8 24 28 16 20 2 8 15 21 18 8 12 16 18 7 21 0 0 8 21 25 6 25 3 23 10 26 0 24 8 12 0 9 14 16 26 10 15 7 14 21 10 1 12 2 24 2 23 20 25 0 1 26 19 22 5 10 14 0 18 23 13 16 8 28 11 19 26 7 5 7 13 26 7 29 16 19 25 17 10 14 16 23 20 18 23 18 16 21 20 17 22 26 25 20 22 12 19 1 18 11 25
133 109 146
29 10 17 12 25 6 6 8 1 27 7 12 14 18 1 7 6 6 28 16 24 10 25 29 9 10 15 20 24 23 7 27 28 19 18 13 18 10 21 5 18 2 18 14 17 26 25 20 29 6 29 14 11 7 19 19 14 1 16 24 5 22 10 29 23 26 13 20 3 20 29 13 21 12 23 18 2 7 8 2 5 2 9 20 1 29 19 0 11 25 6 1 8 4 21 14 26 0 8 22 19 15 10 21 10 5 9 13 21 8 28 27 0 2 6 20 0 7 1 21 21 13 27 17 8 12 29 2 16 14 25 16 2
393 89 188
18 11 21 19 25 17 29 18 26 26 18 26 10 2 25 21 9 5 20 3 4 22 12 23 3 8 11 20 5 13 28 7 11 23 8 23 10 8 18 1 19 24 14 7 23 15 26 2 3 9 5 15 23 19 14 15 10 1 10 10 16 16 6 13 9 6 5 2 1 25 29 19 6 0 18 13 13 10 6 2 4 10 18 26 14 1 23 3 9 18 28 10 13 23 10 15 7 28 20 17 4 2 8 12 13 2 5 22 1 8 24 7 2 16 12 23 20 5 10 25 3 16 6 11 2 27 10 20 17 17 20 14 5 12 29 12 2 24 3 22 6 7 8 27 23 2 19 21 21 8 28 24 7 4 6 22 3 4 18 9 2 29 13 24 26 11 10 12 6 9 7 26 3 0 5 29 6 22 3 29 2 28 27 19 0 19 13 2 13 29 9 24 28 12 24 11 19 14 13 24 23 9 28 12 8 27 7 25 17 22 12 19 27 8 29 22 7 18 20 10 1 29 29 20 0 5 7 23 28 3 0 23 13 18 1 21 21 3 3 19 22 28 10 20 15 25 14 12 6 18 25 10 9 3 1 24 9 11 17 25 7 28 25 20 20 0 26 17 10 23 3 22 24 29 17 19 12 6 24 16 25 5 6 4 16 7 0 6 24 20 17 7 27 9 10 22 29 11 18 2 15 23 13 13 4 10 19 12 15 15 4 7 5 0 29 28 18 21 20 22 12 26 6 13 20 4 12 0 19 23 25 8 27 15 17 0 8 18 28 0 13 12 8 28 5 8 26 3 2 11 17 8 9 4 22 23 0 25 11 14 13 7 14 21 20 25 25 25 18 7 7 5 7 4 29 22 13 14 8 18 7 24 22 4 11 24 11 25 1 18 12 12 20
228 188 673
22 20 9 26 24 10 10 15 13 1 6 26 19 7 6 11 24 24 24 14 0 15 28 4 18 3 2 7 22 22 25 21 13 10 25 17 21 21 28 18 28 5 0 17 25 17 1 11 14 1 2 10 6 7 0 27 15 28 2 6 10 18 28 3 11 17 19 18 19 14 23 22 23 3 9 0 10 8 2 15 1 0 7 20 19 28 5 11 29 29 12 23 21 4 16 17 17 15 22 6 21 11 3 9 13 6 7 20 12 17 15 29 15 10 27 20 11 8 15 0 19 12 18 24 10 21 13 27 21 2 28 22 9 26 11 9 4 28 13 24 20 4 23 26 22 3 23 13 16 15 13 7 14 13 10 13 17 6 1 21 27 14 26 8 7 5 28 3 23 19 23 12 16 4 24 28 0 21 23 24 11 25 21 9 4 28 7 28 1 10 25 6 14 6 13 17 22 18 14 10 8 7 10 28 24 25 0 24 5 21 21 11 11 26 20 11 13 16 27 21 15 1 16 18 29 0 11 15
478 124 270
9 17 18 19 0 23 5 1 2 21 2 25 29 2 11 26 1 7 24 8 29 0 12 25 11 22 6 8 8 4 23 21 13 8 22 29 16 9 19 1 0 10 20 27 6 16 8 24 22 12 27 6 7 3 21 29 4 11 11 13 9 15 19 17 1 25 18 3 24 8 18 8 14 23 29 15 9 16 24 26 25 7 10 4 8 16 22 9 10 18 3 17 5 10 9 25 9 6 27 9 12 14 18 18 23 17 29 16 7 22 4 22 19 26 26 13 7 0 7 2 24 13 2 5 25 0 1 8 15 6 11 13 15 8 4 19 4 16 12 26 2 9 2 28 28 5 26 11 7 6 27 16 25 15 15 14 4 11 19 1 21 21 28 13 13 3 15 28 7 1 8 13 17 16 28 15 10 21 26 29 23 9 6 11 3 20 18 21 12 22 19 16 8 18 18 2 13 21 1 10 29 26 16 13 0 0 2 1 16 4 10 19 25 10 29 2 18 28 15 6 20 0 20 21 0 12 9 22 22 27 18 27 20 7 0 27 10 24 0 3 2 20 17 10 0 6 20 4 22 12 9 9 21 0 29 9 14 25 26 21 26 19 1 20 7 25 18 10 15 29 13 18 0 28 6 25 25 19 11 24 25 25 11 0 15 7 11 19 9 19 21 19 2 1 11 29 25 16 26 25 2 11 5 21 11 0 14 8 16 15 24 19 26 5 1 7 3 21 13 14 6 29 6 5 8 28 26 29 22 1 18 7 2 19 9 23 6 20 5 1 27 17 17 29 10 8 10 5 15 29 22 1 23 20 24 26 0 18 11 7 6 24 25 22 29 14 22 19 16 0 18 23 17 4 24 28 16 9 4 27 28 21 13 22 24 0 0 16 21 19 6 24 3 12 1 14 10 4 29 8 24 5 29 19 5 4 26 9 26 25 12 6 8 8 10 14 27 16 28 13 7 8 28 12 6 26 21 22 3 8 2 11 19 12 18 0 9 18 17 1 23 17 29 26 24 17 26 24 1 10 24 6 25 20 16 27 5 15 26 0 19 26 27 17 14 14 4 7 7 3 9 26 11 6 3 23 6 6
235 232 894
11 29 18 28 22 28 0 16 28 4 19 23 15 18 17 0 1 6 17 6 19 19 0 29 15 27 25 24 28 1 10 12 8 0 25 16 4 20 7 5 6 1 14 3 28 10 25 7 17 25 23 20 22 7 9 8 22 9 21 28 5 9 1 14 3 3 29 26 9 22 5 17 11 7 29 21 25 11 5 13 9 2 10 6 22 24 21 5 4 29 24 25 2 12 28 16 19 23 14 0 3 24 28 0 4 15 9 28 24 4 29 22 21 18 16 5 10 10 21 22 27 28 0 14 15 15 21 5 23 17 13 28 10 22 26 11 29 13 29 15 17 28 10 13 23 24 14 2 17 27 6 10 10 23 28 27 14 12 8 7 6 17 14 28 28 4 16 18 7 25 16 25 19 15 21 13 1 3 7 26 20 5 20 3 29 26 1 18 27 10 15 15 9 14 11 4 27 10 25 6 21 5 19 22 29 5 16 19 16 12 19 20 17 22 14 19 14 2 19 11 11 6 2 3 9 10 19 3 0 19 22 4 10 5 4
78 5 1069
15 2 5 29 27 19 15 4 13 28 10 17 11 3 6 22 17 27 25 15 16 3 7 20 20 23 4 25 24 8 2 1 17 27 1 9 26 5 18 22 20 19 0 24 21 7 4 12 2 14 11 25 5 10 0 0 21 9 17 23 24 3 16 22 22 24 18 16 3 9 7 5 23 13 7 0 28 1
387 13 750
24 11 26 2 10 6 8 21 11 27 13 1 21 29 7 19 21 10 28 20 12 6 23 1 23 23 19 7 13 2 0 7 27 10 22 22 28 20 5 26 21 2 0 2 10 29 1 19 15 10 20 23 1 10 16 4 22 3 9 0 0 17 21 1 28 8 26 21 9 29 1 10 10 13 10 26 13 13 7 7 12 21 23 0 6 12 28 28 11 22 26 19 4 19 0 19 12 10 8 16 1 7 12 5 28 10 2 11 28 4 14 10 2 11 15 13 18 29 17 17 2 10 21 6 16 24 7 24 19 23 25 17 29 14 28 22 7 8 5 19 0 13 23 10 15 7 25 11 15 1 10 26 7 15 9 23 0 9 7 13 20 4 2 8 22 28 23 28 1 26 21 0 23 11 28 28 21 8 6 2 15 12 18 26 7 16 4 19 8 12 25 20 3 17 27 12 28 28 21 2 4 22 17 19 15 23 26 13 0 10 19 25 23 15 27 20 20 21 23 28 12 23 8 5 14 21 26 4 13 19 4 26 23 22 0 8 27 28 14 12 6 20 26 9 13 17 17 17 21 10 5 22 6 0 8 1 20 9 19 15 24 12 23 16 0 13 25 4 21 11 15 11 16 7 29 1 8 0 1 9 26 20 6 26 25 21 0 14 24 20 12 1 4 6 28 10 22 28 9 11 19 22 28 25 7 23 3 9 16 23 26 25 29 20 19 15 2 12 17 4 3 1 0 23 8 9 28 8 22 22 27 11 11 4 11 17 24 15 18 6 9 11 17 1 7 29 3 22 4 5 16 10 9 1 1 12 22 7 23 2 26 2 24 17 0 19 25 8 15 27 2 26 18 27 5 23 26 14 17 13 17 4 25 28 28 27 3
447 304 1152
4 14 23 11 1 15 18 4 21 2 24 20 3 6 13 11 12 12 18 23 21 11 20 9 28 1 12 13 20 11 8 12 14 15 17 27 13 2 1 5 2 25 9 4 0 14 11 8 3 7 22 5 27 16 20 27 3 8 19 18 25 18 3 2 12 12 2 27 16 26 2 12 2 10 0 20 20 17 28 12 14 10 13 18 11 29 24 18 3 4 20 29 16 20 5 3 16 16 1 21 20 6 25 29 23 23 16 19 3 7 27 28 4 26 27 5 9 12 27 7 1 23 29 26 25 6 21 10 11 15 20 10 19 25 9 11 3 17 24 10 24 19 29 26 6 3 10 20 19 15 1 20 13 20 5 13 24 26 19 28 9 23 16 1 6 12 5 11 3 13 2 10 14 2 21 11 11 8 22 14 24 6 17 29 20 0 7 2 5 7 0 29 8 7 20 16 8 25 29 10 11 18 22 2 5 9 23 26 21 10 4 17 26 12 10 20 18 28 17 3 18 5 26 10 11 12 22 2 25 5 14 24 27 10 2 15 16 18 6 27 6 29 1 2 24 23 3 20 10 11 18 21 3 1 4 3 21 10 23 28 23 15 5 4 1 24 20 9 10 12 5 18 5 3 6 21 3 26 11 26 13 23 16 3 18 18 7 26 18 11 27 6 6 6 7 17 19 4 9 2 6 6 25 7 6 10 12 20 20 17 9 12 8 10 10 29 27 24 6 15 6 20 13 24 21 17 19 16 21 13 6 28 20 14 18 0 28 28 25 25 25 20 27 2 19 13 0 1 26 0 25 2 27 8 6 19 15 11 12 3 1 22 9 10 12 4 14 3 25 24 11 0 20 23 19 29 17 7 3 6 22 15 14 0 11 10 4 2 22 0 7 25 8 12 28 2 27 27 19 4 4 27 11 19 20 10 29 10 17 20 15 14 23 2 15 21 24 15 2 24 13 22 12 21 0 10 21 16 29 12 18 20 10 24 20 17 17 7 16 22 26 15 9 17 6 29 20
36 10 895
23 20 7 2 28 12 16 9 19 10 3 29 3 27 15 15 20 7 9 5 5 12 2 23 9 13 14 8 5 15 14 6 11 29 24 19
439 415 372
11 17 4 12 1 21 2 10 21 22 0 17 20 19 27 2 14 7 12 11 29 9 6 16 16 24 1 5 5 10 6 3 20 22 17 11 23 11 13 3 26 4 21 5 5 1 4 4 15 24 2 29 2 7 16 11 9 22 24 14 21 26 7 10 16 20 19 17 24 12 2 25 1 22 20 1 14 3 7 8 21 13 27 11 4 29 21 29 22 18 26 27 4 27 9 7 23 10 7 19 12 21 20 5 19 9 19 7 6 5 7 25 10 24 28 25 25 22 25 4 18 26 23 29 26 28 13 0 0 18 28 19 17 29 14 26 13 28 7 9 27 25 15 13 23 1 18 8 2 16 1 11 20 22 12 26 29 3 11 13 23 22 2 14 26 16 26 0 2 25 18 25 29 19 20 0 9 23 26 24 26 22 28 5 24 23 23 11 10 23 8 13 6 11 28 22 1 8 20 7 18 3 5 11 2 27 28 6 12 28 24 25 9 13 12 10 2 7 1 15 5 26 9 11 20 17 14 24 5 21 5 13 5 1 24 12 28 6 6 1 2 3 5 26 17 15 11 19 13 3 20 2 24 5 28 24 1 11 29 26 0 12 5 12 12 17 6 23 29 20 28 22 14 2 10 9 14 4 7 28 3 26 29 27 17 25 22 17 15 5 6 22 11 22 5 28 15 29 14 7 17 21 28 22 29 13 12 24 5 23 4 4 0 9 24 18 8 9 16 0 23 25 16 13 7 21 6 6 29 21 28 10 14 2 14 9 3 24 25 7 4 3 24 22 12 14 18 18 13 14 14 10 5 21 23 10 15 5 10 7 12 23 13 12 8 3 25 29 3 28 24 29 5 6 12 14 29 3 15 9 6 28 22 17 7 2 18 11 18 6 4 22 18 2 13 29 12 2 21 11 16 6 13 4 1 10 22 9 0 5 1 15 12 19 4 12 17 21 0 14 22 24 19 3 27 1 24 11 9 1 8 16 7 15 23 9 0 15 25
314 252 816
19 6 18 20 8 12 21 24 9 17 1 24 4 27 24 22 18 13 18 22 11 3 12 4 8 12 28 17 14 4 15 20 23 14 22 16 19 21 17 3 21 12 11 0 29 6 24 29 7 24 0 28 19 29 0 4 14 26 9 20 8 24 29 23 4 22 25 9 11 15 28 8 9 29 20 19 17 15 14 20 24 2 27 21 14 7 16 23 29 1 23 17 25 13 1 16 3 7 2 10 22 8 6 19 29 24 22 29 24 23 23 22 20 14 21 10 20 7 23 7 13 22 24 15 6 18 1 10 15 19 27 1 12 25 11 24 18 3 22 8 18 22 22 25 12 21 4 7 22 28 3 23 6 10 19 9 18 25 11 15 20 3 21 4 16 28 14 3 25 11 13 29 21 14 7 21 24 28 24 6 5 17 23 24 27 23 14 18 10 13 18 16 13 15 10 25 11 0 29 24 21 0 18 1 23 5 3 17 8 8 6 24 4 14 19 16 8 27 26 12 1 8 22 24 0 25 12 15 1 4 16 21 25 20 9 21 22 6 15 24 16 8 22 5 13 8 1 21 15 10 13 25 2 1 14 5 8 26 7 18 13 6 8 6 15 1 29 9 12 13 14 26 10 23 4 1 14 3 1 16 15 6 27 9 10 20 4 8 3 8 19 18 20 18 21 7 14 27 9 16 6 24 23 20 20 0 3 25 26 13 19 2 22 7
89 53 106
0 16 22 14 21 11 17 13 24 17 22 17 14 21 23 8 1 3 21 2 28 3 8 26 23 19 18 28 12 18 18 6 23 5 24 27 9 13 16 26 11 13 9 24 22 22 24 27 25 7 2 8 23 19 0 13 24 13 14 15 10 5 0 23 19 25 2 9 12 3 16 14 7 23 3 22 13 0 22 0 3 22 5 2 29 13 20 8 25
149 22 961
8 29 9 15 26 6 18 25 14 16 17 15 8 11 26 27 0 6 2 29 14 27 2 10 4 7 1 7 12 10 9 19 10 17 7 27 23 22 9 8 12 16 3 11 24 17 12 22 22 11 10 22 6 19 27 17 15 18 17 1 2 0 15 24 24 14 4 15 21 6 12 10 26 12 14 14 27 12 7 14 16 18 13 5 5 27 14 8 12 0 3 0 16 5 27 15 23 19 26 3 12 23 9 18 4 13 0 7 12 10 11 18 14 20 27 16 4 13 9 29 5 10 25 12 5 22 6 8 3 23 24 22 4 1 22 11 27 6 25 8 13 21 16 9 28 6 23 14 13
235 200 429
8 9 14 21 13 26 0 12 16 2 2 11 20 23 28 28 19 11 13 0 9 8 17 8 27 1 6 0 19 12 25 11 16 18 27 5 23 22 7 0 3 1 6 9 29 8 10 2 0 24 6 13 7 23 27 24 11 21 0 22 22 10 1 9 25 24 22 29 28 11 28 4 23 27 26 16 15 25 9 22 15 20 7 0 28 10 21 2 8 6 21 22 8 11 7 3 25 22 10 1 3 26 9 6 11 24 26 15 20 11 8 3 15 0 15 3 23 11 24 19 10 5 16 2 4 4 11 29 6 10 4 20 17 21 26 19 20 21 16 0 13 13 1 23 14 14 6 12 22 12 2 9 15 4 28 1 4 22 29 9 22 9 29 5 21 16 4 26 27 2 4 10 8 17 10 8 11 9 8 19 9 19 7 4 11 4 9 12 5 3 27 18 7 7 27 17 0 0 6 13 7 13 23 0 11 15 20 24 13 21 12 22 25 5 17 23 1 13 20 4 18 16 9 8 4 6 5 27 13 26 24 12 27 10 11
44 3 104
9 4 0 4 28 0 25 3 5 26 0 20 6 1 19 20 23 18 17 4 12 17 2 17 21 4 2 16 0 11 13 5 22 29 29 8 12 17 26 8 6 5 18 3
180 2 364
13 22 9 26 24 5 1 1 19 29 2 16 15 12 19 11 28 5 12 29 24 2 11 18 23 20 6 12 8 10 6 8 16 9 27 2 0 17 17 13 26 28 0 3 1 23 28 19 6 8 15 9 26 20 28 26 7 6 26 1 22 26 23 15 26 4 27 21 25 10 17 29 9 4 15 22 5 23 11 12 6 13 15 24 14 21 22 7 0 7 24 5 3 10 17 17 17 18 17 28 10 1 23 10 19 14 17 14 14 25 3 23 21 27 29 2 7 20 23 24 18 13 7 28 13 24 7 14 27 7 17 26 13 15 2 8 29 27 13 29 12 25 13 27 27 14 6 27 11 19 8 4 21 5 3 6 23 16 21 22 25 16 10 5 0 17 8 16 22 4 29 4 0 18 11 3 9 7 2 1
679 182 948
17 28 18 8 17 28 25 14 22 13 22 4 28 8 3 9 9 20 14 28 1 26 8 9 5 2 21 0 2 17 20 0 18 9 20 2 9 18 10 22 5 23 5 3 20 12 6 18 26 12 9 21 28 11 9 26 7 6 2 3 25 23 0 8 22 22 16 3 19 19 11 8 1 3 18 14 20 15 19 22 14 1 16 5 26 28 8 10 16 21 27 24 18 9 26 9 12 22 8 11 7 16 16 24 15 1 0 14 22 15 18 10 8 4 9 28 3 29 11 27 24 3 24 12 28 9 10 22 7 19 17 14 0 14 24 21 9 10 13 26 22 24 23 3 0 21 0 24 7 17 22 12 12 0 18 9 22 23 28 10 18 17 2 7 6 5 15 18 7 18 8 10 0 22 11 13 10 23 16 8 4 27 18 12 9 9 17 29 7 9 0 13 8 10 19 12 15 7 24 21 2 15 20 19 14 14 24 25 27 29 26 18 17 14 24 7 25 6 4 18 21 6 10 23 13 28 1 25 24 23 12 27 16 27 6 9 8 5 7 28 8 15 23 1 19 29 18 18 28 24 17 26 28 17 4 12 29 21 22 18 22 8 15 16 18 22 27 18 20 10 23 20 14 6 24 0 24 2 24 4 15 21 4 24 11 0 24 4 28 18 5 24 26 13 23 2 3 19 11 12 3 13 13 15 16 29 17 0 0 21 27 13 6 3 11 1 7 3 21 25 7 21 2 1 25 23 29 10 14 5 5 23 13 26 26 7 10 16 8 14 2 15 22 9 10 0 21 11 2 21 12 12 24 0 0 23 1 29 13 21 26 1 23 12 22 27 28 24 23 6 12 26 9 14 9 3 28 16 7 14 9 0 23 19 17 15 13 13 7 22 7 22 12 24 6 18 27 7 21 14 1 3 25 7 15 24 19 18 11 26 23 24 11 1 28 17 7 11 20 1 21 28 2 1 23 21 13 13 26 16 21 5 12 20 1 22 29 10 7 22 26 2 7 0 25 16 22 0 23 16 13 27 14 26 25 7 0 21 21 26 29 9 12 6 28 2 16 20 1 22 18 28 15 10 7 5 25 25 5 6 17 15 10 26 23 25 8 14 17 25 11 18 12 1 0 2 19 11 22 19 19 9 27 19 14 13 23 22 28 6 16 28 20 12 24 11 29 25 26 25 20 26 21 25 5 19 7 20 27 15 0 27 6 27 7 25 10 16 12 13 25 8 5 24 6 4 10 5 12 27 1 7 21 1 3 12 5 26 22 20 1 24 20 5 26 6 20 3 25 4 18 17 27 24 3 21 4 2 20 4 24 4 13 15 7 9 21 3 13 15 16 3 6 17 26 10 25 27 29 27 25 3 6 10 10 21 14 17 9 21 19 3 23 12 25 22 27 16 24 9 26 6 19 10 13 2 1 27 1 22 8 26 11 14 10 23 2 10 16 13 19 23 25 12 15 3 25 25 25 6 2 27 26 2 6 5 5 16 2 6 29 4 7 16 6 26 13 18 19 26 17 22 18 14 28 10 27 11 3
235 23 182
18 9 20 3 18 6 20 23 14 2 29 18 5 14 15 18 18 15 13 5 12 21 1 2 0 27 23 4 26 14 18 21 11 25 14 7 29 17 1 20 28 29 15 0 23 8 20 0 4 19 5 22 28 7 4 18 3 27 13 28 12 17 3 5 28 11 4 11 28 21 10 6 5 27 25 12 22 2 19 18 11 9 16 29 0 27 17 28 5 8 12 16 4 18 17 6 13 5 0 23 18 17 24 14 22 2 1 26 28 10 7 3 23 0 9 20 15 4 3 2 9 15 13 4 20 28 17 22 22 1 28 22 21 2 19 8 13 9 28 23 18 21 25 10 5 20 9 24 21 27 10 21 26 19 27 18 8 18 10 4 26 18 21 11 5 15 24 17 22 7 20 4 29 9 12 7 16 1 3 13 26 9 19 27 12 3 4 2 16 10 16 16 23 29 18 24 26 24 4 17 19 8 10 11 0 2 17 20 15 17 19 4 4 18 12 6 11 6 10 20 9 15 27 8 5 19 5 17 14 9 21 23 18 6 24
145 52 746
3 25 20 8 5 7 18 21 15 28 8 15 19 24 22 17 13 0 27 14 11 4 23 11 14 12 25 18 26 26 25 23 17 14 27 29 13 26 18 11 7 21 2 23 6 5 25 16 14 15 4 5 28 27 4 0 5 3 21 2 23 16 26 19 10 26 24 28 7 20 13 6 0 4 25 26 27 17 4 28 20 8 10 27 28 6 7 19 9 24 20 6 22 1 8 5 18 15 16 13 4 10 4 17 23 29 20 5 0 17 14 20 6 29 1 1 16 24 0 11 19 27 6 1 25 23 6 7 0 22 0 22 7 26 20 27 17 10 21 4 9 20 8 20 15
222 16 563
7 14 28 11 25 19 1 24 10 26 20 19 5 20 4 14 20 13 4 5 3 8 18 28 8 16 27 3 29 4 0 15 2 25 14 11 6 23 19 22 25 19 26 6 21 15 11 0 25 13 13 22 25 15 5 22 18 18 12 18 28 24 26 7 7 15 22 23 27 14 3 11 3 9 4 8 11 26 16 8 7 17 6 8 5 15 5 22 4 25 10 26 5 23 4 24 29 14 17 20 9 17 28 25 28 29 25 12 16 20 0 18 10 15 26 2 2 21 17 0 19 28 0 17 8 11 25 17 20 24 23 4 16 24 19 21 7 20 22 10 21 1 26 4 28 19 26 16 20 3 26 28 7 14 23 9 15 0 1 21 1 10 15 5 14 17 26 20 16 28 17 5 22 14 18 6 13 27 15 2 9 1 20 21 0 16 25 0 0 12 17 20 27 1 29 7 22 27 12 28 15 12 21 24 23 10 25 2 21 6 16 26 23 5 20 4 15 18 4 16 24 10
664 34 1327
4 19 19 6 14 4 17 29 24 11 22 22 21 13 28 29 27 15 12 24 23 23 18 1 14 13 15 20 7 13 21 19 28 4 26 13 2 9 3 29 5 24 28 2 2 28 5 2 14 27 24 26 12 12 19 24 20 24 7 21 19 25 5 1 19 2 5 22 9 29 18 8 5 23 0 19 24 26 26 24 16 29 20 3 12 5 1 14 1 8 7 15 3 25 5 23 13 12 14 4 12 23 19 26 29 14 21 25 18 26 11 24 6 9 4 15 7 25 4 28 13 21 24 14 7 4 17 11 27 22 19 24 16 1 29 1 28 17 22 5 1 15 16 12 13 6 0 18 16 9 11 8 28 0 19 9 7 17 13 1 18 10 19 21 1 28 27 10 1 11 15 23 20 23 24 26 27 25 11 29 24 4 2 6 28 17 6 26 1 19 12 6 1 22 11 11 6 1 16 4 6 12 14 14 7 15 18 26 29 29 13 13 2 3 16 11 2 25 24 6 23 2 8 29 21 10 15 4 2 0 21 4 0 11 15 25 4 12 10 5 25 22 11 5 0 2 8 10 17 11 11 25 8 28 28 29 15 18 18 14 22 23 15 13 18 26 21 24 3 27 4 17 7 25 21 8 5 6 18 13 23 25 3 11 29 20 11 16 9 29 15 15 19 16 27 17 27 0 8 2 6 18 7 6 29 21 24 13 16 8 12 6 3 15 21 8 26 20 4 28 28 18 1 29 7 16 22 24 0 22 20 10 3 24 11 28 2 11 17 1 8 9 8 22 24 1 19 27 1 27 27 1 6 1 22 13 27 18 24 2 1 22 7 8 12 11 18 1 0 1 18 7 25 16 18 18 21 3 21 26 5 24 9 1 9 2 8 12 7 11 13 19 24 12 22 1 15 23 5 7 4 14 10 21 4 13 13 25 8 27 26 17 11 21 1 22 14 2 17 5 5 8 28 8 7 5 10 27 15 10 26 27 16 3 20 1 7 6 28 3 28 8 11 28 8 29 10 20 25 15 17 19 28 10 20 22 22 2 28 8 14 0 14 13 27 22 17 3 28 7 21 13 22 17 2 16 12 26 13 25 16 16 4 8 23 21 7 13 25 13 14 24 23 28 13 3 28 12 9 0 28 7 27 22 29 12 27 29 23 17 17 13 4 3 4 22 6 24 24 5 4 1 19 23 0 21 29 26 21 16 14 21 4 5 27 3 10 1 26 7 22 6 27 1 7 2 26 8 9 15 26 15 16 9 29 28 24 20 4 21 14 3 22 24 2 21 2 25 10 15 0 22 0 10 3 28 8 24 22 22 15 22 4 29 21 29 28 8 2 10 15 2 22 14 13 12 22 26 21 4 20 16 24 3 3 23 22 18 22 24 2 19 12 2 19 25 20 20 10 8 18 14 22 14 10 1 20 13 20 27 15 23 5 10 21 23 28 12 11 18 17 23 9 14 0 28 10 27 25 7 4 11 17 26 20 18 4 17 17 7 3 13 0 6
627 519 1341
9 16 10 13 23 20 21 11 13 2 22 17 24 2 22 14 15 21 27 15 13 19 8 25 0 21 24 12 24 4 27 17 11 9 17 22 12 27 16 12 6 20 12 4 9 10 4 16 7 11 1 10 23 1 19 11 6 4 21 17 9 18 11 2 19 7 13 2 27 4 21 12 4 12 5 11 26 6 6 14 24 3 16 25 25 14 5 14 13 7 3 13 23 16 16 16 8 18 23 0 20 19 9 21 16 5 16 18 23 23 7 20 17 10 22 6 12 15 14 0 3 7 13 15 12 8 21 22 7 21 26 29 2 20 4 4 12 26 17 28 2 2 21 2 21 10 5 17 26 26 22 27 7 9 23 18 29 8 9 6 12 2 5 24 25 16 10 21 5 27 13 29 3 7 17 1 4 13 7 8 21 17 5 0 8 10 22 27 7 26 21 12 10 21 24 5 23 12 28 16 28 6 2 3 1 13 3 3 21 14 1 22 10 29 28 1 14 29 4 11 25 27 6 15 23 23 16 13 9 0 2 0 21 6 8 27 27 17 29 15 20 19 12 12 28 12 11 25 9 28 8 5 5 29 27 2 2 11 4 26 27 29 28 3 4 14 26 25 18 19 15 4 8 6 7 28 21 27 1 29 9 14 7 15 25 19 15 5 4 19 17 0 4 28 15 1 10 6 11 5 14 5 10 27 22 1 3 25 9 6 18 10 28 6 17 21 29 0 19 24 10 4 25 5 13 17 3 8 29 5 17 3 22 24 28 29 13 25 28 29 18 28 19 11 28 3 3 15 4 15 1 10 28 14 29 11 26 27 14 16 21 27 21 7 17 10 28 18 10 28 10 24 18 8 17 6 22 26 7 15 13 1 15 12 14 29 3 12 6 2 28 6 21 2 17 5 6 24 8 3 20 8 20 10 22 14 7 5 9 11 2 3 15 6 13 29 25 29 29 8 9 2 27 0 19 6 2 17 6 0 22 28 26 20 21 27 5 2 11 19 0 12 8 13 10 28 14 21 1 3 20 22 20 28 19 29 22 14 3 6 10 6 23 10 20 6 16 21 20 0 12 0 28 27 27 24 28 7 13 15 22 24 16 5 8 6 4 11 2 0 11 13 10 29 15 25 22 27 16 25 15 6 22 27 11 29 14 1 7 10 10 9 19 9 8 22 21 11 13 11 9 4 23 25 0 14 3 10 3 27 20 16 19 8 29 23 18 18 11 14 17 28 3 7 13 18 16 20 12 27 3 13 16 5 27 6 22 24 8 8 8 14 6 21 6 15 16 19 24 12 15 25 2 23 26 27 23 25 17 26 12 7 27 10 11 7 21 19 3 25 29 2 11 16 9 17 6 5 15 4 9 18 6 23 13 13 6 0 15 28 4 28 0 10 23 11 8 15 19 1 23 29 17 25 14 14 12
568 324 35
22 20 4 10 9 3 2 16 4 3 12 13 23 2 28 4 4 15 9 16 24 22 19 13 2 10 13 28 7 12 5 28 10 3 25 9 18 25 6 24 15 21 26 16 4 15 21 16 8 10 24 29 17 11 5 23 19 7 21 8 17 23 15 2 29 10 5 8 12 4 16 27 23 20 29 14 23 5 4 14 3 21 21 11 4 6 7 10 15 14 17 23 28 26 8 29 2 15 21 13 13 18 0 0 26 20 25 3 1 14 8 9 7 1 22 14 25 12 23 13 24 28 18 18 26 18 10 7 20 3 2 13 1 28 19 0 10 5 3 23 11 15 13 13 0 16 5 17 3 24 3 13 2 18 7 17 1 25 0 3 25 18 25 3 14 17 3 26 22 11 23 13 17 9 14 6 4 1 18 3 5 21 9 6 21 16 24 16 25 27 13 15 10 4 14 29 19 24 2 0 14 18 8 27 21 15 17 0 11 24 4 19 23 7 24 22 18 14 19 22 11 13 12 11 12 16 15 20 25 4 28 9 11 27 23 16 24 7 24 21 14 19 19 1 4 19 8 6 16 12 20 16 10 9 5 4 27 19 3 27 29 21 29 0 7 23 21 0 11 3 13 3 15 8 16 24 7 28 27 3 3 21 24 15 14 25 24 10 19 25 26 2 0 6 17 4 1 11 19 14 15 23 6 3 4 1 16 20 9 0 18 19 14 4 5 14 1 9 17 24 29 21 19 4 14 25 20 2 15 25 6 26 25 10 25 16 19 26 23 24 21 15 26 15 3 15 2 4 21 19 19 24 20 4 27 16 12 22 21 9 10 22 16 17 11 11 28 21 18 6 6 17 21 15 15 21 24 5 18 21 19 16 4 19 1 17 9 17 15 10 12 13 1 29 22 3 20 26 5 29 11 16 7 7 28 4 25 27 0 5 4 25 20 14 7 5 8 14 8 25 13 9 10 21 17 29 24 10 11 24 12 19 9 2 17 14 27 10 5 21 8 8 11 29 3 13 21 4 29 6 0 3 19 17 6 10 26 24 14 27 24 15 12 2 23 17 9 10 17 9 11 13 5 17 17 22 10 14 16 5 2 28 25 7 29 16 21 13 26 28 23 18 29 23 21 2 25 13 12 13 15 20 22 1 9 1 25 20 2 23 2 12 0 29 21 18 0 24 17 3 18 28 10 11 24 22 20 16 23 6 3 6 5 8 7 8 15 20 27 3 14 26 29 4 26 7 23 15 11 21 25 20 19 19 14 11 14 13 22 6 9 3 1 23 9 4 25 6
361 186 5
17 29 4 27 28 7 1 15 0 13 20 10 8 21 13 28 9 7 9 4 0 14 3 4 21 23 15 6 24 14 5 2 4 25 15 4 25 25 4 0 29 2 7 15 21 20 27 13 1 7 0 20 6 16 23 5 5 16 13 17 28 14 17 8 5 13 13 15 25 25 27 10 10 27 24 11 15 21 17 6 12 26 19 23 7 8 0 8 14 29 10 25 16 13 26 15 8 13 8 19 20 29 0 9 18 19 8 27 4 18 28 18 10 0 1 28 11 12 10 21 18 8 28 3 2 22 19 14 15 15 16 15 23 11 0 18 22 20 7 14 20 17 1 11 6 28 13 6 1 10 3 8 3 9 13 6 7 1 11 21 27 29 24 27 17 6 14 26 29 3 6 18 19 1 22 25 11 4 9 0 1 4 13 12 13 18 0 19 23 12 3 7 6 29 20 21 0 29 5 7 12 20 1 1 27 27 23 17 4 17 10 9 10 23 22 26 3 16 9 22 26 12 14 2 21 26 28 26 6 22 22 4 9 10 2 1 7 27 22 0 20 29 1 29 22 16 5 22 15 29 20 2 12 25 25 6 19 18 2 28 14 23 7 7 26 22 23 26 18 8 10 22 17 24 5 6 6 26 22 10 23 27 28 1 22 12 23 23 14 23 4 25 21 11 10 19 13 6 10 18 6 22 5 17 6 29 19 16 3 8 10 22 0 14 5 24 18 24 23 15 25 14 14 21 22 0 15 16 21 25 2 2 13 16 13 9 23 5 20 25 27 15 4 9 16 9 4 16 12 1 6 12 8 22 5 7 3 21 15 22 3
694 171 349
5 0 27 12 10 6 3 22 0 6 7 19 21 0 12 17 13 24 14 20 18 4 16 1 3 16 7 25 23 14 4 18 11 1 14 1 3 23 1 0 26 11 17 18 21 25 10 11 23 16 16 25 10 15 20 12 29 16 22 11 17 8 10 5 0 7 18 17 2 12 20 20 15 19 2 23 23 23 18 4 4 7 16 10 12 2 18 8 16 25 11 10 8 26 8 9 26 26 6 25 26 18 11 26 26 6 28 1 19 23 25 5 4 26 26 0 6 23 14 11 22 29 13 26 2 0 2 29 2 13 17 6 25 12 5 11 28 18 13 10 0 10 18 4 16 24 8 4 19 25 0 23 25 16 26 13 17 9 15 14 19 8 0 13 12 27 6 28 24 4 22 1 22 3 15 23 5 24 9 19 23 18 9 17 17 28 8 24 17 1 11 0 3 12 3 3 20 11 22 14 29 3 0 2 22 2 20 25 21 24 3 12 12 14 22 25 18 16 8 21 14 11 0 25 25 25 22 6 6 10 3 22 0 27 25 20 17 20 10 3 29 11 9 2 6 13 8 24 13 5 25 17 25 20 1 13 7 26 2 22 5 3 7 2 14 15 26 5 27 11 26 27 8 8 7 28 22 17 27 11 6 12 9 15 2 6 18 4 6 24 28 0 24 10 5 19 1 6 23 6 20 12 25 23 4 2 10 2 2 21 12 24 4 23 4 13 17 29 11 25 3 25 12 24 20 7 26 16 23 19 7 29 1 26 17 8 9 11 0 25 15 23 9 20 27 16 11 24 27 26 12 2 23 9 18 28 27 13 15 19 26 29 15 0 26 24 20 3 22 1 11 16 11 26 5 4 13 10 2 4 11 2 21 6 25 28 23 4 1 20 19 5 15 9 26 25 12 26 3 22 10 20 18 9 15 0 29 9 26 16 3 1 26 19 10 0 7 20 19 2 13 12 27 3 28 17 22 9 3 0 6 23 11 16 11 9 14 24 29 0 26 8 3 19 23 11 25 14 4 17 27 16 27 21 26 3 24 11 18 23 27 15 6 29 15 14 15 8 15 19 18 22 3 13 25 24 11 2 18 22 24 25 9 8 14 18 4 18 28 6 18 28 16 6 26 15 4 5 29 0 8 29 23 27 29 3 18 2 8 24 22 15 5 11 9 12 17 11 24 2 4 3 29 13 6 2 15 4 16 26 0 13 7 27 8 7 19 1 5 18 8 18 6 10 7 11 26 28 10 10 24 20 7 3 4 5 16 26 29 2 24 0 22 22 3 27 16 17 8 20 17 12 10 8 27 22 25 8 20 19 4 23 3 3 16 15 19 19 21 9 6 21 21 9 22 23 14 3 22 20 15 4 17 25 28 18 16 26 26 28 5 26 18 2 16 17 15 24 23 15 24 2 27 27 23 2 1 26 26 10 24 19 8 17 1 8 16 21 1 1 16 29 14 10 15 8 11 10 14 15 29 13 18 18 14 9 27 21 8 16 29 28 5 5 21 24 23 8 11 20 27 5 24 16 28 0 6 20 23 3 0 16 28 10 10 19 1 29 29 16 7 26 0 13
192 88 741
6 18 19 13 15 11 15 12 4 13 19 9 25 22 27 1 11 18 19 27 12 1 11 22 24 17 25 18 21 17 29 7 22 13 2 29 3 1 21 21 24 16 4 11 22 4 10 18 9 18 27 11 20 25 14 4 0 17 2 17 8 2 26 14 9 0 23 22 24 15 3 7 19 5 15 3 8 7 18 23 25 27 23 15 13 21 3 16 11 16 20 10 22 11 7 9 13 16 16 28 28 18 8 0 8 12 24 20 27 3 13 20 13 21 28 20 17 24 20 19 23 9 14 6 27 22 0 28 2 22 27 7 21 19 21 16 27 18 14 9 17 17 20 27 15 16 21 4 28 26 1 8 17 20 13 8 15 27 23 2 18 2 23 0 10 25 26 24 17 18 29 4 1 12 14 6 18 22 15 8 16 21 20 19 4 17 12 7 24 11 2 20
347 119 11
27 16 9 17 17 8 16 13 7 4 14 19 8 0 29 20 13 1 3 1 22 5 9 27 21 0 27 25 29 10 12 16 17 29 27 10 0 26 10 26 3 19 17 5 28 9 9 22 21 18 6 7 1 21 24 14 19 2 9 3 20 14 5 17 25 7 22 10 13 29 6 12 4 3 6 2 12 14 3 22 2 27 20 28 15 27 14 29 2 29 7 28 15 12 29 2 24 2 17 8 11 2 15 24 16 1 18 17 4 1 20 22 27 8 15 14 18 17 5 8 4 22 19 22 0 16 26 15 15 17 19 23 29 25 24 10 8 15 8 9 14 17 20 24 17 6 28 10 28 19 8 9 3 8 4 18 13 18 20 25 17 28 20 23 12 1 7 25 21 20 11 1 26 16 6 5 11 11 20 21 25 24 7 3 4 29 23 3 2 20 24 23 13 10 11 13 26 7 0 29 26 23 23 11 10 1 24 12 17 7 4 14 9 22 9 10 23 1 29 5 22 0 16 8 14 1 21 4 15 0 10 21 16 11 4 27 28 6 29 6 1 20 9 7 6 12 12 26 28 15 26 11 14 22 19 7 17 24 26 19 23 14 13 12 6 24 3 18 23 21 20 8 20 7 19 26 22 12 13 25 8 3 20 14 19 5 1 18 29 15 8 23 29 22 28 14 13 22 4 8 28 9 9 8 14 1 3 2 1 28 17 21 16 24 15 25 2 26 28 13 4 28 26 2 3 3 10 2 17 10 8 15 4 0 25 11 18 21 21 8 7 24 4 25 7 4 10
618 426 883
28 17 8 3 20 27 0 27 29 11 13 9 5 23 4 6 6 22 24 21 6 23 18 18 14 29 24 11 4 13 2 18 20 10 19 16 16 20 12 6 0 15 14 9 18 18 23 5 27 15 3 22 27 7 25 12 4 11 18 2 17 14 22 19 16 12 15 26 11 11 23 8 23 17 4 25 0 11 25 22 0 23 22 17 28 6 2 15 11 26 15 0 17 20 1 9 20 5 1 23 4 11 29 19 9 0 13 28 7 0 22 13 2 5 6 3 19 2 15 11 26 8 19 6 9 26 29 12 10 8 21 3 20 12 12 2 11 0 24 19 28 5 0 14 24 5 21 15 7 8 22 2 16 6 9 5 17 10 25 8 7 6 20 7 9 27 8 8 9 14 6 6 19 15 3 12 16 9 27 23 22 18 5 21 0 26 4 19 3 0 2 12 15 12 23 24 1 12 4 7 12 0 12 27 14 6 20 26 4 1 22 16 5 25 23 7 22 10 22 6 12 11 23 6 18 14 9 12 23 15 23 12 19 7 20 29 2 0 23 11 5 5 17 0 27 25 27 17 2 26 8 16 23 10 0 6 17 19 17 27 26 22 4 20 9 10 16 25 18 3 20 22 9 17 19 8 14 11 15 22 25 23 12 18 11 16 18 10 17 17 6 21 27 25 27 27 6 26 29 13 6 18 17 14 28 29 20 24 11 26 22 17 26 4 20 10 26 19 7 17 21 9 0 16 23 14 22 16 0 23 19 2 17 1 26 14 2 0 26 3 6 23 10 11 8 3 24 9 6 8 17 24 28 15 1 3 1 21 9 17 20 23 15 7 21 6 11 3 14 22 0 29 7 19 27 2 5 10 16 1 10 22 23 25 13 29 27 12 9 7 9 18 13 25 24 27 6 10 2 7 3 4 24 15 1 5 23 11 19 19 16 0 24 13 10 26 2 11 5 1 7 21 22 12 25 4 29 26 17 11 29 1 20 2 19 21 8 19 21 13 29 28 18 16 27 6 1 2 5 8 6 27 12 29 13 13 2 26 1 17 21 14 5 11 18 10 15 7 0 19 13 17 4 11 7 12 18 4 5 9 15 7 10 0 21 6 1 26 14 22 9 26 26 0 8 28 3 0 29 14 4 24 20 9 11 24 5 28 17 10 2 13 18 17 28 17 27 20 25 21 13 13 3 14 25 17 1 16 21 5 26 22 29 2 6 22 6 15 17 14 7 13 26 16 8 25 1 18 10 2 8 5 15 16 27 5 4 8 7 12 19 19 21 22 6 4 14 28 23 1 3 22 11 22 14 15 11 29 5 7 4 4 12 13 18 13 20 19 23 13 21 3 1 8 22 12 3 29 3 26 1 15 13 23 27 7 24 29 21 13 9 28 9 11 23 16 23 21
386 135 1573
10 25 12 27 3 29 26 27 22 29 12 20 25 29 3 22 7 12 12 15 24 6 12 13 28 11 14 24 20 8 23 13 8 6 15 13 4 23 22 13 2 12 15 29 21 24 23 2 28 0 11 22 14 25 29 13 6 2 18 16 5 3 26 16 1 10 15 25 3 9 18 7 9 13 28 0 5 28 7 29 17 21 7 1 19 12 12 19 29 4 13 28 21 11 21 3 10 26 7 5 23 19 24 13 8 21 26 6 4 24 0 27 9 3 0 18 16 1 19 28 15 0 14 28 17 12 13 3 23 0 3 10 0 21 11 14 3 8 4 25 17 28 21 28 6 27 11 15 29 12 26 18 12 12 10 1 19 11 17 27 26 2 13 22 19 26 11 16 13 26 9 7 9 27 13 24 8 15 1 6 1 0 4 24 25 20 6 17 28 11 9 17 10 12 26 18 8 17 12 17 21 8 12 23 28 18 14 16 4 6 15 12 1 2 24 26 9 8 18 26 27 22 7 13 24 14 2 6 10 3 9 16 0 3 15 12 1 20 24 0 19 8 20 25 26 18 13 12 3 18 1 0 16 18 11 2 16 7 24 23 16 27 5 20 21 18 0 14 13 9 14 5 21 16 6 23 15 17 1 29 17 5 15 14 1 25 10 6 17 27 2 28 13 27 22 10 28 29 22 14 3 1 22 1 25 5 18 14 15 14 9 27 9 20 17 11 18 4 21 9 2 17 20 13 8 5 19 23 18 23 16 11 0 7 21 10 8 17 2 25 11 7 11 6 20 26 11 19 13 6 24 2 26 17 26 28 6 28 12 10 13 15 5 1 6 7 4 6 27 24 6 18 14 3 20 0 16 4 7 22 4 18 18 9 11 20
269 48 883
15 12 1 15 21 5 28 12 12 18 5 2 26 2 11 21 27 29 0 11 19 29 12 5 12 0 2 15 27 13 12 13 27 29 1 22 2 7 4 17 24 17 10 29 19 22 13 7 22 28 9 14 20 10 24 21 9 3 27 6 5 23 2 23 15 5 18 29 25 24 13 26 20 7 28 29 21 20 9 12 19 17 14 16 5 18 23 22 2 2 18 0 20 22 14 6 22 8 13 25 17 22 26 26 21 7 1 10 25 24 22 2 17 7 25 11 15 17 13 7 1 1 2 20 0 20 7 18 15 29 26 20 0 15 11 27 24 22 17 7 8 11 6 0 27 23 0 29 19 17 1 26 1 6 9 18 0 29 14 19 11 16 22 13 10 8 23 27 6 19 13 0 17 14 4 22 21 24 21 22 9 4 1 21 12 13 23 25 15 16 14 20 13 11 4 10 17 21 28 3 14 11 6 13 19 20 27 14 20 12 23 3 21 11 11 9 10 25 6 27 15 21 18 23 1 22 23 13 8 14 11 13 4 15 18 19 26 21 21 9 4 0 15 5 8 4 6 0 17 24 7 16 14 0 15 9 1 24 5 14 14 16 21 25 8 0 22 29 23
583 561 1422
9 18 6 25 20 29 14 17 4 3 18 21 2 13 12 7 4 27 17 1 25 7 25 29 20 10 4 7 19 14 19 26 25 29 28 2 6 22 7 23 15 12 16 4 1 2 25 11 18 27 20 2 5 1 2 4 24 8 10 4 18 6 6 9 18 11 19 10 10 4 26 22 27 29 11 22 6 18 12 3 7 8 27 9 2 3 13 15 17 17 18 29 25 5 16 14 23 15 9 15 14 18 20 1 27 15 9 15 28 15 2 1 11 21 24 13 24 16 21 14 21 29 28 20 3 0 8 19 0 18 21 22 3 19 21 8 9 15 19 15 23 2 15 17 10 22 22 1 18 13 1 11 2 24 7 29 12 25 5 21 1 22 1 28 2 0 25 1 7 19 1 13 9 0 18 18 5 29 23 2 2 23 9 13 18 7 26 23 4 5 3 7 12 17 0 1 3 18 3 22 12 11 5 0 7 6 17 27 17 0 26 15 23 24 18 27 29 7 9 0 8 13 26 20 18 3 5 0 20 6 9 3 24 0 19 25 25 17 28 6 25 12 10 7 10 12 26 18 6 23 7 18 22 11 17 24 8 0 15 23 2 23 22 18 15 24 0 16 17 12 29 2 16 27 12 7 16 4 27 12 21 25 21 14 13 5 3 18 22 24 1 12 19 23 13 10 22 17 6 4 26 21 12 17 29 1 8 29 22 1 14 10 11 10 18 8 28 6 27 4 22 17 4 24 13 25 11 1 9 4 0 16 11 3 5 17 4 22 7 28 18 5 25 20 7 19 15 28 0 22 29 24 20 28 19 13 29 22 2 13 2 15 5 11 7 21 20 29 0 14 2 21 2 23 16 14 1 26 14 18 26 8 6 26 16 1 13 7 11 16 12 21 28 28 9 6 25 10 3 9 21 13 21 29 12 16 4 2 8 1 14 1 6 18 24 6 26 29 7 2 17 0 23 13 23 13 7 23 15 2 5 23 10 2 7 2 26 6 18 5 11 23 23 25 26 20 4 9 3 16 24 1 27 6 11 15 27 12 24 15 23 25 25 6 28 27 1 15 5 6 22 1 5 2 18 10 12 9 20 13 28 27 28 15 29 16 20 16 20 19 17 18 23 16 20 13 11 13 3 25 17 27 23 22 21 8 11 13 11 8 9 7 15 28 8 26 22 24 14 10 6 15 28 23 21 8 2 2 2 12 26 28 28 22 13 2 0 19 20 27 6 22 25 12 24 15 1 2 20 21 23 25 18 12 17 28 28 20 28 5 12 13 1 11 9 22 5 8 16 20 24 26 2 24 24 19 19 2 29 28 14 11 5
12 3 692
28 16 26 22 19 13 24 19 24 0 16 13
345 140 968
29 19 10 10 11 12 1 16 20 24 0 25 15 15 6 13 8 6 16 17 24 1 20 23 22 8 24 5 26 15 17 23 15 14 13 26 9 25 14 2 1 20 19 16 8 19 25 4 19 13 11 6 24 2 7 10 6 1 8 21 24 18 24 13 20 11 10 26 20 24 9 15 24 27 4 20 27 13 29 2 12 22 13 1 20 3 1 24 26 7 15 1 11 22 26 15 1 15 29 27 13 6 15 8 12 5 14 9 11 9 17 9 14 3 17 15 1 3 18 14 21 20 4 2 22 13 12 2 4 2 18 2 6 8 22 12 24 24 24 6 4 18 20 14 22 4 27 15 11 18 15 29 21 6 0 23 9 12 17 4 13 2 22 19 16 22 1 14 19 3 22 0 14 14 2 27 4 4 29 6 2 7 24 16 7 13 15 6 24 10 12 19 24 24 16 18 2 13 12 9 19 14 15 13 24 2 0 18 8 17 3 25 27 5 4 24 17 21 23 4 1 9 3 15 0 1 2 25 6 29 24 22 7 7 12 26 14 22 7 20 2 19 25 23 28 7 21 16 15 5 17 18 15 3 28 8 15 1 5 11 1 26 15 18 15 28 22 8 14 19 12 22 17 3 28 27 8 27 22 29 18 7 29 28 17 28 22 23 16 11 8 21 10 20 15 2 4 1 23 3 22 16 17 29 9 12 13 11 13 22 28 2 5 9 19 25 19 16 21 0 16 7 22 22 0 17 10 4 1 17 27 22 18 2 0 4 20 1 26 10 24 0 16 9 1
514 104 1576
23 3 6 16 17 25 8 21 16 5 28 12 26 10 10 28 9 24 6 26 20 6 0 5 11 18 10 13 4 12 26 11 15 1 29 23 6 8 19 13 3 15 29 4 24 29 25 23 3 28 7 11 23 17 18 22 17 7 2 25 16 16 11 27 22 12 18 25 19 11 17 24 11 6 12 17 27 21 18 18 7 8 12 4 3 15 14 6 23 20 29 20 24 24 2 26 6 1 5 14 29 0 3 18 3 4 3 10 10 3 22 13 14 29 24 5 3 9 26 20 14 16 24 24 10 7 12 24 27 21 6 7 20 20 27 13 18 4 25 13 1 3 21 14 24 7 19 7 28 27 3 15 7 4 23 15 10 0 15 0 28 16 24 0 20 29 1 28 19 0 20 0 17 7 0 27 6 18 10 16 18 21 10 18 17 17 1 22 18 28 2 17 16 24 4 22 4 24 0 13 16 22 9 25 12 9 10 0 27 29 6 14 3 20 18 2 6 4 10 15 0 6 18 16 9 22 2 10 29 17 24 16 15 5 26 25 3 3 26 13 25 16 5 23 27 22 8 2 16 3 22 14 24 9 22 10 26 26 6 28 10 18 16 6 8 18 29 22 2 16 18 24 7 8 27 26 17 9 15 28 8 9 25 28 14 0 26 14 16 13 26 12 15 29 29 1 27 25 24 6 12 22 9 14 15 9 5 13 22 9 9 18 19 20 5 1 23 2 5 12 13 0 21 29 25 10 20 21 29 18 23 2 2 26 15 18 17 28 5 10 13 2 9 5 11 7 19 1 28 22 16 27 23 18 10 9 5 11 2 21 25 25 6 29 6 23 22 18 1 20 16 16 8 26 10 25 10 3 21 0 7 19 7 8 10 23 6 19 15 3 1 12 6 18 8 29 25 29 1 14 3 13 12 20 11 14 28 29 5 2 5 24 18 2 11 6 11 1 25 8 15 21 14 9 5 3 11 21 21 3 24 21 9 10 16 11 6 28 6 14 9 29 22 5 26 12 25 19 16 20 6 9 0 13 11 14 3 26 12 20 12 12 24 15 23 10 3 14 24 25 25 16 6 0 18 5 25 19 15 29 6 19 17 19 26 0 0 10 5 10 24 18 25 12 9 26 16 12 9 21 6 17 15 11 25 8 9 24 25 13 16 14 3 23
146 10 10
26 12 19 24 18 8 16 21 6 24 9 10 24 16 10 7 26 15 11 10 24 25 0 14 10 6 1 29 7 16 27 23 3 0 25 19 13 4 16 18 18 20 15 14 24 19 20 7 26 12 16 4 21 0 20 22 1 15 2 19 5 29 19 12 11 19 11 17 16 25 6 27 19 8 17 28 8 13 25 16 2 11 1 29 13 3 4 3 4 18 18 10 25 4 26 3 2 23 18 5 1 22 3 11 14 3 7 25 29 20 28 20 20 9 5 17 15 20 26 6 4 2 29 8 18 0 16 22 29 29 22 6 11 27 16 18 11 13 12 3 24 27 13 5 11 18
330 81 782
22 11 12 12 16 6 11 13 2 15 16 22 18 4 17 4 19 19 3 3 2 3 13 10 26 20 18 29 24 21 28 23 5 5 0 27 21 4 8 23 22 1 9 6 22 20 8 12 21 19 5 10 9 10 9 22 3 22 17 21 26 11 12 17 4 16 10 16 10 19 21 9 2 2 19 9 14 19 29 12 7 9 18 16 7 17 16 24 19 17 9 13 11 23 22 0 6 24 11 10 23 27 1 6 18 5 17 22 8 22 11 1 22 26 0 0 11 6 28 6 3 9 9 11 3 12 2 9 10 16 14 13 16 8 28 19 20 4 9 22 23 5 6 1 5 0 27 4 6 13 4 9 3 26 8 28 1 12 17 24 5 16 9 20 6 0 17 13 22 23 11 26 22 11 11 6 18 1 23 2 15 9 26 20 19 24 12 23 8 3 16 11 26 10 7 3 20 22 25 3 3 20 27 13 6 16 4 29 28 16 14 9 9 29 7 12 1 12 21 5 12 26 5 4 24 24 23 0 12 19 23 26 24 18 8 28 1 24 26 2 23 5 25 29 21 10 17 10 26 1 23 21 5 11 0 8 20 1 8 3 5 8 17 9 26 28 22 22 14 13 25 19 24 17 16 26 11 26 5 21 13 21 19 2 6 24 1 5 0 18 3 24 28 13 15 0 20 9 23 2 11 6 8 13 8 23 10 9 24 17 15 27 5 28 5 4 7 17 26 24 19 26 20 3 29 15 5 12 21 19
135 49 205
11 26 11 18 19 9 20 15 12 21 16 15 26 10 12 8 6 10 15 20 21 6 10 10 18 3 5 10 10 19 16 7 14 6 9 16 22 19 17 12 22 6 25 29 18 26 17 9 12 1 20 16 9 7 15 12 18 17 16 8 26 25 0 5 23 20 0 11 9 10 3 26 9 18 8 10 23 13 10 3 15 15 29 12 13 25 13 28 25 16 0 19 7 5 12 3 18 20 14 9 14 15 13 15 4 25 5 12 11 17 20 11 0 6 25 24 27 22 24 0 12 3 12 0 7 7 28 6 3 22 11 10 29 20 18
477 446 1236
2 19 28 11 28 28 17 8 29 13 29 27 24 17 14 24 29 0 13 13 28 5 11 14 28 4 23 13 15 9 18 8 24 7 23 0 21 13 0 2 8 9 17 9 10 4 4 19 25 24 25 21 12 25 19 29 25 14 4 10 7 3 5 5 8 17 20 20 16 5 22 6 1 5 6 24 18 14 9 0 25 8 12 19 7 6 20 12 17 14 29 29 20 2 20 12 5 18 19 27 5 4 14 21 10 1 14 17 17 29 24 29 9 26 8 24 6 18 22 27 26 15 9 13 6 19 18 0 2 20 2 0 19 13 27 21 16 4 22 16 1 26 28 26 11 14 20 10 22 8 11 17 15 4 1 26 24 27 13 15 22 20 2 18 7 23 1 25 11 0 0 3 24 3 1 0 12 16 21 21 9 25 24 0 13 14 1 13 11 13 13 2 24 9 1 23 2 10 12 15 28 24 3 7 28 0 16 24 21 18 24 23 22 17 10 20 25 13 12 14 5 12 21 13 14 18 16 2 11 26 25 0 6 0 0 17 19 15 2 2 12 27 26 7 6 10 6 0 22 21 0 20 23 21 16 16 22 24 10 4 21 1 7 27 17 6 18 5 2 19 29 13 26 11 14 2 28 7 16 6 27 19 5 29 29 17 29 29 16 7 25 8 23 0 20 29 22 9 18 0 16 2 27 7 26 23 7 13 20 5 17 1 19 15 28 9 5 12 17 3 14 28 18 14 0 7 27 29 29 25 16 7 28 3 26 18 14 2 17 19 28 29 3 26 5 29 2 21 27 17 15 2 17 27 6 15 29 20 26 0 10 17 10 7 10 20 9 17 0 9 22 17 2 13 13 3 4 26 24 25 18 1 26 8 14 0 11 16 14 28 18 26 16 12 29 6 3 27 19 25 4 9 1 9 25 29 7 23 12 7 15 13 22 15 8 2 16 3 8 19 10 1 13 0 17 15 7 29 23 20 24 12 13 29 4 21 2 5 21 8 29 14 23 10 29 13 18 19 19 9 4 26 6 3 6 6 2 19 0 27 25 17 11 20 29 21 2 21 20 23 8 20 12 23 18 16 23
78 8 327
27 14 4 11 18 19 2 1 17 23 20 7 1 28 20 20 14 3 26 19 0 28 8 27 5 4 3 19 9 17 21 7 24 3 11 27 13 18 7 5 7 29 21 17 18 12 3 20 6 25 3 18 2 22 27 12 16 2 4 12 11 18 18 15 15 11 10 15 13 7 5 10 19 18 19 17 7 14
89 3 1523
26 3 15 17 23 13 0 15 0 12 22 21 5 1 19 9 13 15 12 3 23 29 0 2 14 4 3 18 10 21 1 21 26 25 1 19 5 26 0 5 20 22 21 17 18 9 15 23 27 1 9 26 18 27 24 22 22 16 11 0 6 2 12 4 28 23 27 7 25 16 15 3 28 18 0 15 22 7 14 14 22 1 21 10 15 12 0 18 15
389 189 609
18 25 19 12 13 7 19 18 26 8 2 9 24 25 18 14 19 18 7 17 11 25 20 29 8 3 6 2 3 13 4 2 28 18 0 10 10 20 4 27 9 12 15 28 17 25 15 1 5 28 17 5 24 16 26 29 20 10 6 10 15 20 23 0 16 4 12 29 13 17 0 9 1 16 0 29 11 19 2 28 5 22 18 13 11 29 17 9 11 16 12 18 22 26 21 19 24 14 24 13 6 11 19 6 3 1 16 11 28 19 8 0 18 19 6 11 12 20 7 3 8 12 6 25 28 6 19 8 15 7 19 9 19 17 27 20 1 9 11 29 17 6 8 0 5 1 19 10 12 9 4 11 7 22 22 17 10 3 17 2 14 16 21 25 15 10 1 8 20 24 29 18 11 27 14 4 3 27 14 17 6 6 11 20 26 2 25 4 24 13 18 16 14 21 5 28 21 6 18 28 2 21 3 5 22 17 17 13 3 23 24 1 20 9 2 10 15 3 8 0 7 29 8 8 15 18 26 27 28 29 22 7 22 15 4 11 4 29 27 20 19 5 17 14 12 3 20 26 19 21 6 12 20 27 5 21 28 2 23 23 24 29 0 27 3 4 23 7 2 17 4 10 16 4 9 23 26 4 26 13 16 28 0 8 4 29 15 12 12 15 28 19 20 16 27 17 5 7 22 10 10 16 4 27 21 0 0 14 20 15 12 24 0 17 2 11 8 12 8 14 18 29 12 14 13 23 5 20 17 15 28 29 16 2 2 15 2 14 9 20 2 21 7 13 15 15 7 19 24 13 14 7 12 5 14 0 0 11 28 25 21 19 29 21 21 26 24 19 1 0 27 2 25 23 2 27 14 25 3 28 14 28 15 3 9 2 11 0 8
2 0 329
6 4
401 28 949
28 17 5 27 7 7 9 9 17 3 12 28 28 26 24 0 9 4 25 1 16 29 19 10 20 19 4 20 22 0 20 7 19 26 24 20 26 10 16 20 14 22 19 11 22 5 20 24 21 11 25 17 6 25 8 26 16 18 15 21 24 14 13 18 0 15 13 28 26 2 9 15 4 4 29 21 14 16 9 5 10 20 28 4 22 13 8 25 23 17 18 28 3 3 1 5 3 0 0 12 14 16 14 20 17 8 23 21 13 18 10 14 7 18 9 20 8 26 14 13 25 18 21 20 25 6 25 16 4 11 21 6 1 19 22 8 17 29 1 17 7 2 7 4 4 13 18 15 0 14 9 8 0 10 29 14 25 1 21 17 3 24 0 25 21 6 4 28 7 18 5 25 4 15 13 2 14 11 11 5 10 28 24 21 28 8 5 8 3 25 13 24 10 26 12 28 16 27 25 15 26 12 7 8 17 21 20 4 2 16 22 21 24 18 10 20 24 24 3 11 17 7 6 8 29 29 5 28 24 25 7 22 2 0 5 11 5 1 21 7 16 21 10 26 21 29 27 16 12 0 3 3 1 26 8 14 20 27 12 6 14 4 10 12 28 25 14 29 23 9 5 10 12 28 15 27 22 17 19 10 22 11 17 12 16 4 5 17 23 24 7 1 4 27 7 16 28 13 3 27 26 19 22 21 2 20 19 13 28 25 11 0 17 27 7 26 21 14 24 0 12 5 16 19 1 11 3 2 16 10 15 8 8 22 13 22 11 25 0 17 22 19 23 11 16 12 3 28 18 14 0 1 5 10 17 12 11 9 2 18 8 23 29 21 24 10 11 22 2 18 13 10 22 16 11 25 9 2 6 9 23 22 13 0 26 3 5 11 24 18 21 13 9 4 10 28 20 2 20 0 29
857 647 563
29 24 3 20 2 10 3 20 9 16 10 9 16 18 28 5 12 11 16 27 25 3 24 20 19 4 12 7 29 16 29 14 5 12 2 12 8 25 4 24 17 0 2 1 21 13 23 23 17 29 26 27 29 22 29 19 23 28 8 3 11 15 4 17 26 6 9 16 14 29 10 15 24 14 15 23 29 1 24 2 14 13 26 23 26 0 9 28 8 4 28 8 21 11 6 4 20 17 6 14 23 5 6 10 5 1 21 12 22 10 9 4 15 6 29 6 2 11 21 22 17 22 7 7 16 4 4 17 7 6 25 18 3 28 7 4 1 15 4 16 8 20 3 5 5 29 9 23 4 24 10 25 23 26 1 1 20 6 11 20 29 3 20 28 29 24 3 4 11 12 24 25 1 23 28 15 4 26 21 6 11 2 24 3 7 0 24 16 17 18 17 29 9 27 18 15 16 22 19 0 19 11 22 0 3 11 17 23 15 26 19 14 29 28 14 15 15 18 6 16 27 17 13 5 5 10 0 18 23 20 18 15 21 21 27 14 0 19 14 16 11 15 17 18 14 4 1 27 9 19 27 24 18 7 28 19 18 6 12 21 24 7 6 0 3 10 3 25 25 6 12 2 23 22 18 6 7 3 14 23 3 20 26 13 27 22 21 14 24 5 27 2 26 0 5 18 16 25 7 10 11 7 25 7 16 4 7 24 7 9 3 10 16 2 21 13 25 11 21 15 5 8 13 8 3 22 29 9 19 23 27 17 23 23 22 28 24 7 17 25 11 20 28 26 15 18 4 21 25 3 7 24 26 8 22 10 26 26 9 9 0 11 4 14 7 14 21 18 13 10 12 18 16 4 8 12 3 26 4 1 19 12 29 8 13 20 28 21 4 13 26 1 10 7 9 16 2 10 4 26 27 7 0 17 14 25 20 11 3 17 29 17 14 6 15 17 25 14 4 23 8 4 7 24 4 21 18 13 1 0 0 19 10 19 28 1 12 4 27 24 15 18 16 11 13 6 28 8 13 23 17 17 28 19 8 6 6 26 10 17 23 4 9 15 25 8 1 23 9 3 12 21 15 16 1 7 6 10 26 6 20 29 17 21 13 2 12 16 26 13 26 7 20 25 12 0 1 24 23 6 3 6 26 16 17 14 28 29 27 13 15 6 17 27 3 15 0 29 17 13 2 16 15 23 25 24 8 19 27 18 27 19 9 8 4 5 25 21 1 17 7 15 3 26 26 19 19 12 21 10 0 28 0 20 26 2 14 7 28 23 26 1 5 28 29 23 6 26 20 11 26 1 27 21 22 26 29 24 26 24 8 25 18 19 23 8 11 10 8 14 11 28 0 22 17 3 20 1 23 20 19 17 11 1 11 0 29 7 16 7 29 22 12 16 13 5 11 4 27 3 8 10 13 9 23 11 13 18 23 5 19 29 17 10 21 6 17 27 11 1 6 21 6 8 6 16 9 28 1 13 0 11 29 6 11 17 18 16 7 14 7 29 20 11 28 12 16 11 8 14 19 10 12 26 12 26 26 7 28 0 21 21 0 6 13 4 3 27 7 26 9 29 11 29 29 23 16 19 9 9 8 16 14 6 17 22 5 2 23 17 4 11 21 4 16 15 29 6 7 7 24 16 26 11 24 2 3 19 8 12 25 12 9 9 11 9 21 2 23 10 15 15 4 14 24 12 14 26 25 1 0 24 15 25 16 29 0 3 25 21 10 7 12 2 21 29 26 11 28 6 28 11 14 0 18 22 14 8 22 28 9 0 18 24 11 7 21 12 25 25 26 21 20 1 21 25 21 25 28 5 14 5 8 14 20 29 13 22 13 28 19 26 28 28 21 20 11 11 14 10 8 7 2 16 10 29 9 4 25 18 20 22 27 25 11 7 14 19 0 7 9 3 13 0 3 28 8 2 21 15 23 0 21 21 21 17 22
320 123 95
17 23 5 19 13 18 1 14 0 6 20 25 18 25 3 29 24 18 20 19 11 9 17 17 3 1 7 4 14 26 11 16 4 12 25 20 22 3 18 10 15 13 18 15 2 8 7 28 19 8 24 18 0 18 17 6 20 5 29 17 23 3 12 22 25 8 18 23 28 5 23 28 4 0 19 17 6 24 13 29 5 27 26 28 25 21 27 20 23 14 9 5 7 11 14 20 10 28 22 8 16 11 14 24 28 20 15 2 27 9 23 27 10 18 0 15 6 20 10 9 26 6 1 14 18 10 4 29 11 11 23 0 5 8 4 28 29 22 15 1 14 27 19 7 12 5 11 21 25 3 18 25 1 4 0 29 26 21 16 3 20 22 18 9 2 12 3 29 26 6 29 12 29 22 18 15 25 0 14 6 29 28 25 25 13 16 28 28 21 9 10 21 0 8 0 20 3 7 10 16 15 14 15 22 19 29 23 18 19 10 21 26 5 23 17 9 4 11 15 12 5 4 6 6 24 20 4 0 29 14 13 2 2 27 1 18 21 12 11 21 27 13 3 7 25 1 22 9 12 23 23 16 11 1 16 21 17 16 22 29 16 17 21 19 3 10 11 0 9 24 10 3 19 12 15 23 17 29 28 5 23 21 23 11 22 6 7 1 28 3 1 20 21 20 23 5 3 25 29 3 23 26 17 17 20 28 21 29 4 7 5 23 25 26 11 12 14 12 25 8
780 289 520
18 3 10 4 26 7 25 26 4 4 13 29 23 1 17 2 1 16 9 15 2 2 2 10 27 27 0 1 4 21 6 12 19 17 7 8 27 8 13 27 18 29 17 2 1 14 28 11 14 5 22 9 27 26 11 23 2 21 18 5 1 17 0 0 20 9 9 21 8 23 2 10 27 7 13 24 13 6 16 24 10 16 28 13 2 26 2 18 22 22 18 8 6 12 8 13 29 24 24 16 4 21 2 11 22 16 1 16 24 29 17 6 7 0 0 26 19 19 16 20 5 17 9 1 25 23 26 8 12 18 7 4 3 27 1 9 13 24 8 5 14 10 28 23 6 27 27 17 12 14 11 16 6 3 3 11 0 26 0 28 8 18 21 2 29 10 0 21 27 26 12 29 27 6 26 21 0 23 28 18 27 14 25 2 12 11 28 27 9 13 29 20 28 11 10 10 18 3 0 26 3 16 15 29 20 16 11 10 22 29 11 8 6 26 22 1 27 22 2 0 2 15 22 21 12 1 6 26 8 0 27 19 28 25 13 10 21 16 5 11 14 15 9 27 14 21 4 25 2 7 1 23 23 20 2 20 5 0 9 2 25 8 17 9 2 13 0 11 25 22 26 16 13 1 27 17 11 19 19 20 20 6 24 19 15 13 22 8 12 7 26 28 19 14 1 27 4 16 2 3 15 23 8 6 5 8 25 8 24 28 27 0 2 5 14 23 1 25 2 5 11 24 24 6 10 23 6 20 9 25 12 4 23 26 4 20 1 13 26 2 7 1 8 1 3 0 19 5 24 13 17 7 2 11 21 23 3 12 17 21 24 19 12 18 14 4 25 7 4 5 23 27 20 27 19 18 16 5 22 18 7 12 5 27 4 7 19 15 1 10 10 4 5 16 7 12 27 21 23 26 5 15 15 7 15 2 27 10 16 15 2 7 15 29 7 27 28 17 19 0 28 12 23 6 4 2 7 22 10 10 16 1 24 9 23 5 2 17 2 29 21 2 8 3 11 3 8 4 2 23 2 1 1 8 21 23 10 24 10 28 5 3 20 19 6 21 13 28 26 13 7 29 24 4 6 1 5 9 17 25 28 5 17 24 12 3 13 3 28 12 5 13 5 17 13 11 21 29 17 6 27 5 12 12 18 22 22 24 10 27 7 2 20 0 1 23 8 8 20 25 17 10 29 29 23 27 4 9 1 17 21 4 0 20 20 0 27 5 1 17 29 12 14 10 8 17 26 15 18 5 2 7 16 16 1 5 5 16 8 17 10 15 2 11 26 6 22 19 29 0 4 12 19 3 1 14 29 20 16 29 10 19 15 16 11 12 7 12 27 29 9 16 26 25 9 9 1 0 14 22 28 1 17 11 18 2 4 29 1 9 14 1 6 9 5 29 13 1 1 17 14 18 18 3 24 14 16 23 5 15 3 11 27 25 12 12 3 9 8 4 12 19 27 29 12 9 15 11 27 23 10 18 17 8 12 3 1 10 9 26 19 17 5 5 22 5 10 28 1 0 16 3 5 3 10 18 5 10 16 24 3 29 3 25 29 17 10 6 22 17 4 29 9 8 3 25 21 4 11 14 22 12 5 12 18 29 0 13 23 22 15 22 22 25 24 25 13 26 29 1 19 5 4 0 17 11 24 19 24 1 12 11 6 19 11 14 4 28 18 3 20 4 18 28 24 28 7 11 29 0 23 9 0 22 29 7 25 0 23 10 21 29 8 4 12 23 5 23 2 1 14 2 26 1 2 13 16 16 24 23
433 422 322
15 14 19 28 27 21 8 4 7 26 9 28 21 28 12 22 21 24 28 25 19 22 25 17 22 13 9 19 8 2 2 29 18 15 6 14 10 6 20 7 20 26 17 28 6 24 4 27 10 5 11 7 2 26 0 22 9 0 14 13 0 22 29 1 4 23 10 23 12 16 3 3 13 29 21 7 21 19 19 0 23 3 19 14 4 5 19 26 9 5 29 3 24 28 17 3 16 29 12 21 27 16 21 22 24 26 8 1 13 0 20 22 12 18 25 16 22 16 4 7 18 15 29 0 20 14 13 27 19 27 4 0 17 5 17 28 16 28 6 5 6 2 19 15 20 25 23 29 26 6 2 7 29 8 17 8 2 1 4 19 14 21 3 19 0 10 28 1 9 16 19 13 27 13 2 26 29 16 18 11 26 0 18 0 19 29 28 10 27 12 6 14 8 10 7 14 4 0 14 14 8 13 29 13 18 8 21 13 24 18 13 4 26 10 24 6 26 0 12 27 12 14 1 19 29 13 15 8 22 10 24 22 29 26 12 14 17 17 14 22 7 3 8 19 14 20 12 6 7 19 3 28 12 26 10 8 14 7 6 24 5 15 16 15 10 16 12 24 20 1 3 14 17 10 4 12 19 4 25 8 14 7 18 5 29 20 13 2 19 29 2 6 19 7 5 10 7 24 19 4 28 20 18 4 7 9 21 18 3 20 10 7 10 23 29 13 29 13 7 23 8 9 0 22 12 2 17 0 26 17 4 10 21 2 7 22 29 8 22 1 16 29 15 6 2 11 1 27 9 10 5 3 12 4 23 20 10 16 16 24 23 25 19 14 13 20 22 22 7 24 7 0 16 1 29 23 15 15 24 23 29 24 17 25 27 18 1 11 27 23 16 12 28 0 6 27 11 15 16 11 29 21 16 19 12 24 13 7 9 0 10 28 24 2 1 9 5 13 26 26 2 8 29 19 2 0 1 25 1 26 22 4 11
673 484 869
9 5 23 7 12 19 20 14 29 12 13 27 8 9 4 13 20 1 11 28 7 1 25 3 3 21 18 18 6 21 9 3 28 1 18 16 24 23 2 11 8 6 20 2 8 26 8 13 2 24 5 10 25 13 25 3 21 23 3 9 3 5 10 16 2 25 1 2 13 10 16 28 6 13 8 9 19 15 18 18 28 18 8 23 15 18 22 28 18 7 3 3 11 27 10 5 15 6 14 9 17 4 17 24 15 17 19 21 4 23 9 12 9 19 15 14 19 13 11 1 0 24 2 22 25 17 27 13 10 25 1 25 5 3 6 24 1 12 29 14 27 27 8 21 27 6 17 16 29 28 29 23 13 14 28 11 28 10 11 18 12 23 26 5 19 5 5 19 21 11 10 26 20 15 24 22 25 4 0 3 13 0 13 15 21 5 13 25 10 25 21 25 27 23 0 23 27 7 14 3 21 1 25 9 11 21 17 5 7 9 24 10 4 15 0 24 16 9 7 24 12 6 23 13 14 0 4 13 15 8 3 11 3 25 8 24 26 9 5 16 15 11 15 2 29 21 6 25 1 18 25 6 10 16 20 13 10 28 2 25 6 28 2 19 18 1 22 14 3 10 14 2 15 28 21 8 1 21 25 7 22 6 10 3 4 18 14 10 22 18 1 10 21 2 17 28 15 0 25 18 9 29 15 9 9 25 15 5 17 13 13 0 17 4 19 22 4 17 7 6 20 28 13 2 15 27 18 7 1 24 28 18 17 8 16 17 24 18 11 13 29 20 27 20 11 23 25 19 19 10 1 25 24 17 27 9 10 1 21 25 23 21 17 15 21 23 11 6 1 9 8 17 9 9 9 29 14 26 28 6 27 26 17 14 22 20 11 28 15 4 26 29 16 11 10 18 5 22 29 7 7 23 3 17 26 2 3 9 19 16 21 15 8 24 20 16 12 3 20 11 19 13 24 17 9 0 28 6 14 5 4 12 22 17 1 0 28 8 15 29 4 23 22 7 15 10 12 17 25 27 5 16 23 24 16 15 16 29 12 28 21 17 20 5 15 27 18 0 29 27 1 6 8 26 4 0 19 15 7 18 1 2 23 9 13 29 3 25 21 10 18 0 6 16 22 8 11 6 20 0 2 0 12 23 25 15 25 25 23 14 9 22 7 7 6 27 8 28 15 13 28 1 5 28 26 29 9 11 9 5 27 4 9 7 22 19 3 19 24 26 8 5 9 24 10 3 11 28 22 21 29 25 6 1 10 10 6 3 29 25 3 9 4 10 28 20 25 29 0 3 28 15 6 8 12 19 19 22 3 8 29 7 19 11 15 25 11 2 0 9 3 1 2 6 13 17 5 28 28 10 13 1 21 14 0 9 8 0 23 7 5 14 6 20 28 16 8 6 0 22 2 15 6 23 5 15 3 4 25 18 11 8 29 26 19 17 12 29 21 16 25 23 15 11 5 25 1 14 12 7 10 5 9 23 8 25 9 26 1 17 21 20 29 24 21 11 9 6 19 28 6 8 0
678 429 1677
23 24 19 0 1 15 22 13 3 25 23 0 1 11 10 9 19 10 6 21 12 2 14 17 22 21 29 21 3 26 11 24 7 3 27 16 28 18 6 25 20 11 19 5 7 1 2 6 14 10 28 14 29 24 15 22 10 20 1 7 19 18 26 21 3 20 27 18 28 28 25 12 1 4 20 22 8 17 15 21 13 2 6 0 27 21 0 10 19 17 24 16 26 10 25 2 1 14 22 10 23 17 22 16 29 16 29 12 8 14 9 21 25 7 15 6 12 6 22 6 10 5 16 12 14 29 26 4 5 5 24 11 4 18 26 23 12 13 26 27 24 11 8 12 26 20 0 27 12 12 23 13 11 3 18 27 2 7 9 4 15 4 6 27 23 20 15 2 23 1 26 9 18 16 2 19 21 16 6 9 28 25 27 19 8 2 10 12 8 10 6 16 22 15 18 6 6 16 20 1 2 11 3 9 20 18 11 4 26 12 28 8 26 4 9 12 12 7 21 13 26 0 14 17 3 25 5 27 9 7 27 22 22 19 24 3 20 26 7 12 26 5 9 3 20 7 14 4 27 25 27 7 7 15 13 4 27 22 26 6 14 10 12 11 28 2 3 1 11 9 18 13 2 20 5 16 21 26 9 29 3 3 10 26 3 8 12 24 16 22 28 22 25 8 4 19 7 28 5 29 21 11 7 6 21 23 24 29 15 29 17 5 13 12 23 17 13 12 25 5 21 21 17 29 22 5 16 28 8 24 14 19 16 18 24 26 11 24 20 27 11 19 15 14 2 19 22 6 22 21 12 14 29 3 0 27 16 29 7 1 26 3 10 8 9 25 5 19 16 3 19 22 15 9 24 29 8 28 9 3 13 26 18 9 15 24 25 24 19 12 0 2 9 27 25 15 11 13 1 16 13 26 9 19 25 0 22 0 24 16 0 2 18 23 9 22 27 3 10 12 22 22 5 15 27 25 20 19 28 25 22 23 7 6 17 28 19 4 17 17 13 26 28 21 25 11 26 20 20 23 10 3 10 11 2 19 24 14 23 0 6 12 13 3 9 14 20 11 4 4 4 22 4 0 10 29 20 13 8 11 14 19 6 23 14 27 25 8 29 25 16 17 15 12 10 15 26 28 6 3 7 22 25 10 1 10 3 26 22 27 19 11 1 10 1 15 25 9 13 12 17 5 28 28 1 13 11 6 26 14 14 11 28 9 25 6 27 13 28 18 23 2 27 10 2 3 9 19 29 13 29 16 14 28 10 13 22 25 1 25 1 25 5 1 14 14 11 4 27 6 9 24 9 17 27 20 14 6 12 8 24 27 8 2 0 1 0 20 4 20 12 24 9 25 7 25 2 28 12 19 12 9 3 2 2 3 11 24 25 4 25 22 10 25 14 22 3 16 17 29 27 17 20 5 14 29 29 4 26 19 18 17 4 23 4 24 9 19 19 8 7 19 11 16 24 9 9 23 17 6 24 16 11 6 13 10 26 9 14 2 29 4 14 5 24 28 6 7 17 27 7 17 6 13 14 11 26 22
