918 779 695 949 862 566 624 509 768 693 906
899 897 828 654 478 481 481 750 514 526 632
938 943 600 466 448 756 499 570 928 897 873
733 748 711 479 809 663 508 687 930 710 546
595 608 744 487 504 954 519 547 916 629 535
667 763 933 538 899 822 696 521 527 531 884
890 561 644 654 843 888 862 946 842 968 579
897 714 609 553 949 685 664 576 947 698 695
887 969 836 777 925 791 964 697 930 610 957
825 615 709 922 807 520 516 909 875 905 608
651 932 636 673 604 872 514 858 680 596 755
8 5
6 4
5 9
7 0
4 4
10 3
9 1
-1 -1
