222 255 236 241 244 197 125 117 198 252 220
230 122  85  81 182 234 201  89 137 213 166
176 149 222 165  78 128 192  52  83 135 183
182 195 255 253 179  36  64  47 171 237 254
212 211 252 254 181   9  46 177 249 253 255
249 250 254 231  99  17  77 203 254 247 255
255 254 228 142  45 187 143  81 162 247 255
255 244 160  80  98 236 255 196  99 165 255
246 169 101 176 143 177 253 254 197 121 239
208 134 204 254 222 144 186 247 240 153 211
210 208 255 255 255 244 229 251 254 189 216
10 1
9 10
1 9
1 4
6 9
7 0
-1 -1
