157 179 166 180 183 188 167 191 168 188 178
149 137 136 168 176 177 162 190 156 185 159
167 109 140 163 177 159 173 186 153 159 154
192 151 103 140 188 169 156 176 146 149 150
201 189 115  96 193 181 138 145 190 144 159
177 195 165  84 152 167 150 105 151 130 176
165 164 139  99  76 188 189 115  88 150 189
174 164 176 172  64 151 105  60 120 184 190
192 191 192 189  92  54  58 147 189 192 191
193 189 192 194 109  35 171 191 192 189 192
192 192 190 194 133  32 192 191 190 190 192
0 5
0 8
0 0
2 0
6 5
10 0
8 0
6 0
-1 -1
