504
10 241412 + 324422 
16 12121 + 21221
2 1111 - 1111
5 1776 / 0
16 242781 / 109877
4 166094 / 242440
3 137099 + 242254
22 74780 * 235459
11 23984 / 44679
27 165439 / 23573
13 162462 - 226832
3 243023 * 2068
24 14628 + 104904
7 130907 * 54087
4 120363 * 191709
24 199774 / 44737
15 226940 + 97970
7 100139 / 235261
17 134466 - 135399
30 238533 - 71370
22 78449 + 106928
9 99900 + 112331
18 33276 - 81938
15 81233 + 179927
19 132902 * 16842
5 63999 * 118877
9 217517 / 143873
2 15387 + 122829
11 77510 + 113425
16 220923 * 142511
25 28488 + 187802
26 63475 / 205164
5 13664 * 96725
11 76213 * 36841
8 242391 + 227446
26 59542 * 191676
32 186128 * 134834
24 114555 / 204736
18 65642 * 169260
22 8043 / 97541
4 25713 - 82656
36 96604 * 127871
7 6155 * 35588
21 99891 * 237941
32 130422 * 240697
23 75528 + 217568
10 245602 / 40355
33 10751 / 161415
33 60078 + 28902
10 8289 + 111919
23 137652 + 142293
31 106552 / 92009
36 69420 / 200531
11 86639 / 44204
27 207183 * 200715
12 181224 / 5211
24 154686 + 221074
10 162848 + 157597
17 25475 / 108822
13 101665 - 212674
21 38661 * 187200
9 145164 + 141158
28 86375 + 29547
10 234935 / 80733
20 219213 * 160752
4 237987 * 62114
35 58446 - 108947
19 32676 * 7702
36 206298 / 42779
27 151780 * 19438
16 38078 - 42126
16 147753 + 34969
16 72443 / 112601
22 157704 - 243703
3 178596 + 116698
11 208133 + 216878
24 191706 + 106925
23 111975 / 18236
14 70325 / 108793
19 122978 * 124397
35 42114 * 213989
28 74957 + 46555
31 246645 - 156602
18 45974 + 107574
35 196578 * 107749
30 149969 - 141101
19 191013 + 236451
33 120884 * 191792
20 127279 * 147109
36 166830 + 108252
11 219974 + 116432
5 134321 / 232797
18 198536 * 115181
26 85124 * 204628
30 117132 / 162554
35 200761 / 205531
32 223152 - 123595
34 242196 / 39694
5 143112 / 122449
19 104767 + 1747
24 207230 * 56840
6 70868 / 49634
17 46491 * 11605
15 175455 / 111405
23 158469 + 181646
14 161889 * 167536
9 200708 / 227146
33 68171 + 62877
22 82941 - 46406
14 46104 + 64843
5 241949 * 14147
31 78410 - 246920
11 45336 / 45639
16 71361 + 89116
3 83013 * 159492
4 112947 * 249449
36 167689 + 24486
18 249129 / 23066
24 178144 * 38263
30 193207 * 68103
14 191584 * 48253
2 195856 + 39889
13 163856 * 137678
20 115854 - 87588
22 228831 / 211985
36 44049 - 229884
34 719 * 183562
30 145607 * 188816
32 75624 + 115086
24 198074 * 73358
6 241127 * 244358
24 115289 / 116839
20 215170 - 125973
20 59697 / 234827
2 48050 * 187679
28 58092 + 232555
35 133800 - 61774
9 98335 + 53502
35 89750 * 114396
11 247079 + 23226
16 75554 - 158057
5 141047 + 105060
13 185480 + 145268
22 16904 - 246760
29 110241 + 203611
12 7245 * 209714
17 77163 + 185109
16 242767 / 84807
4 139980 / 215249
11 113132 - 11560
19 202041 + 39496
7 101588 * 179622
28 219215 + 27668
24 170866 / 4227
31 91301 - 9012
13 240410 - 179732
4 63203 * 173333
31 107457 - 127802
3 19685 / 86035
16 227032 * 169386
35 119984 + 177411
29 78378 * 62052
10 31068 - 129059
27 157863 * 106796
6 80830 + 142738
21 200916 / 90936
21 215015 + 139558
27 48009 - 146165
27 204157 / 249823
3 132244 / 163401
24 109319 * 16391
14 128577 + 218502
36 77932 / 46903
15 117213 * 25472
6 103510 / 162736
23 176217 * 246238
27 195542 * 155019
28 130882 / 48626
20 218341 + 70578
24 249883 / 116611
19 220145 / 13150
25 240768 * 129461
31 136254 * 7725
21 209820 + 38862
35 62500 * 38369
25 63825 / 35648
21 107824 + 182365
33 143787 - 160203
27 147270 + 76050
27 193144 - 73176
23 109168 / 10167
6 75491 + 65580
14 242801 + 15113
26 219389 / 199887
20 125347 + 108915
17 80263 - 36230
29 229381 + 193296
28 221954 * 210295
19 184732 - 145682
20 182950 + 192020
11 180974 / 217486
31 104842 - 116698
27 19353 / 161550
6 163039 - 142578
14 135428 * 74068
33 152283 / 101579
29 226220 - 248858
3 142006 * 22211
20 178163 - 154331
15 179065 + 166297
10 54628 * 206001
7 77891 + 33618
35 214336 - 69902
19 150601 * 101060
33 194427 / 44753
3 42100 / 125383
24 54479 - 133223
17 147720 * 151198
31 190280 + 225148
7 153434 * 178266
4 188616 / 128064
28 51181 * 4716
35 106892 - 242883
5 44344 / 75277
2 123855 / 245084
20 70918 + 226140
33 70216 - 194268
10 234412 - 30540
30 160461 + 57416
20 245012 * 11655
5 59635 / 193717
14 36061 * 51949
31 231397 / 161306
21 33383 * 140524
25 76123 + 18772
27 117489 + 162612
25 180354 + 106782
16 131217 + 247801
28 61380 + 107673
9 97830 / 6081
36 103242 / 243367
6 127116 / 43337
26 192945 - 34458
30 49542 - 210373
21 128172 / 105825
3 130972 - 102068
13 180285 + 86612
9 33022 + 135782
36 8906 / 214952
32 246568 - 100593
23 186861 / 70249
25 38449 + 131479
6 156786 * 168407
27 13914 + 125046
35 3170 + 217832
5 209847 + 175899
26 236141 * 146572
9 196298 / 175255
5 95765 * 73438
20 226383 / 25918
13 198167 * 208465
10 37067 / 240185
24 157247 * 230559
14 215887 - 249821
31 128288 - 2682
11 111142 * 69676
6 32242 + 47436
16 75600 - 19059
7 31989 + 18380
34 146249 - 17470
26 144346 + 214945
26 75145 * 33789
2 184130 + 1301
8 188882 - 80523
17 49051 * 52011
29 116733 * 207213
27 166733 - 159839
36 239994 + 9608
12 237647 + 153562
4 27583 * 233698
26 220246 / 36132
15 235409 + 116212
14 67099 - 16034
22 9581 - 165688
23 33289 + 167212
5 245966 + 150709
11 190904 + 15394
27 121158 + 124407
32 95865 - 161178
18 22387 + 126840
23 115920 + 112726
19 166400 - 19346
14 241062 / 63419
9 9873 / 217466
14 10178 / 162332
25 116374 * 151545
22 217 / 137866
4 207424 - 96617
26 136659 * 197397
19 187696 / 75660
10 146572 - 188296
24 246888 * 102835
18 38063 + 68169
11 203312 - 95818
33 52390 - 44662
3 66735 / 98795
13 97542 - 57696
21 110513 - 20267
14 234562 / 89469
18 55560 / 152223
12 100415 + 100092
6 31177 + 49812
2 213680 - 199191
36 40308 + 163102
7 171860 / 226348
25 219228 / 175033
34 61596 / 225719
35 244232 * 62163
10 215580 / 112679
10 50338 * 207306
30 12448 * 142857
32 89571 * 205671
31 228448 - 106407
10 168838 / 68600
32 12170 * 232853
21 219958 * 91498
16 116125 + 104391
17 166869 * 215073
16 81472 + 187964
4 117557 / 21478
5 134661 + 158990
17 170752 + 69449
18 117306 * 2073
31 189918 + 85063
6 83063 * 186567
36 209588 - 87191
6 7798 + 27330
19 201571 - 89263
17 121851 * 153530
36 241084 - 81455
24 185664 - 70845
35 175334 - 59869
15 92582 * 114918
15 209602 / 181845
25 245099 + 156411
6 138356 + 188974
24 213352 + 230516
13 11442 + 51943
2 247142 - 76270
5 87885 - 103780
32 25277 / 133521
25 242344 + 240638
20 88523 + 107917
24 51758 / 81689
35 214951 - 26737
26 102221 - 42243
22 58978 - 20948
16 118626 + 86695
33 187876 * 131315
29 82117 / 240396
25 212050 - 248934
15 62894 - 2051
8 17872 - 113027
28 58392 + 110753
21 174357 + 101353
3 189400 + 184235
33 147466 * 111090
3 169133 - 57473
19 18344 * 140541
24 22813 - 213201
12 214252 / 244510
14 97793 - 8487
10 73510 + 98699
16 216758 / 213920
2 128228 - 220986
11 139055 - 194559
32 51108 * 209928
34 57670 + 124208
2 25118 * 173340
18 171922 + 187138
19 107324 + 82309
36 188373 / 33850
33 220659 + 98488
28 165037 - 69990
29 219934 + 235020
35 176386 - 220001
35 40870 / 23953
22 89225 * 119632
11 3438 * 175487
30 51955 * 3890
32 153303 / 26915
27 112267 * 119547
28 87663 + 141589
12 190814 * 53800
29 24257 - 230801
5 200892 * 183186
11 184853 / 133883
31 166669 - 9349
11 126982 + 154417
35 5007 * 210769
36 220229 / 112882
30 198410 * 52049
25 25853 + 38608
8 149142 + 104863
6 151031 / 236365
9 67050 * 47164
4 211521 * 25471
28 56132 * 119759
16 99024 - 11731
36 127392 / 131848
3 62040 + 65101
26 178018 * 219630
24 171501 * 238388
25 39419 / 124579
28 54976 + 174872
34 9175 + 70486
5 95741 - 115179
24 94414 + 130880
26 105485 - 176265
22 6676 / 40913
17 41962 - 137860
24 10801 + 220328
13 155369 + 34228
13 42865 + 86599
2 9734 + 161595
36 74723 + 49851
31 138115 - 174082
10 15178 / 143656
21 152885 - 3516
6 336 / 58318
32 194906 * 150957
17 238169 - 155727
34 167870 / 210296
25 134834 * 107413
25 16603 + 46776
25 120621 * 115784
4 133201 * 193806
34 186716 / 219775
10 107832 + 206287
19 86879 * 63664
15 227689 / 107602
5 150338 + 31557
8 198731 * 36722
14 230997 / 170156
2 217022 - 162088
20 184071 - 176696
16 188421 + 146795
28 198215 + 1765
16 50328 + 119766
30 241911 / 239866
6 235548 / 107024
21 195426 / 43055
30 130793 + 189674
10 52122 + 105524
24 194861 * 217669
31 135402 - 79472
28 214050 + 220997
14 90087 - 95118
36 234825 + 222362
19 219509 - 120204
31 26287 + 217971
20 52122 / 206846
15 237481 * 155533
30 83892 * 236078
9 227084 - 51066
27 205288 - 82946
14 105513 * 198612
25 134138 * 187498
8 91979 * 239468
13 238156 - 79529
24 101553 * 170030
33 193416 + 217421
31 39754 - 179849
5 237570 - 63948
26 94713 + 24007
5 89097 - 134372
14 129456 * 196416
3 166371 - 64710
6 89333 - 233125
30 52840 * 60499
27 152140 * 37263
28 217103 / 148926
22 160970 * 179695
36 59170 * 219668
2 192336 + 192005
18 166702 + 152295
26 174601 / 180911
24 227517 * 140591
34 34250 / 155698
16 107147 + 136636
13 160061 - 22792
14 162742 * 150006
6 37684 - 14055
11 177103 / 199949
36 219703 + 127917
19 109138 - 30877
23 108686 / 224945
23 169530 + 14027
23 93287 + 231942
11 42903 - 220653
7 139927 + 221187
22 140274 + 214593
12 5093 / 193914
33 78092 - 174553