12
6 7 0 0 0 6
1110111
1011101
1001001
1011101
1000001
1111111
6 7 0 0 5 6
1110111
1011101
1001001
1011101
1000001
1111111
6 7 0 0 5 6
1110111
1011101
1001001
1011101
1000001
1111110
3 3 2 0 0 2
111
110
111
5 5 1 0 3 1
01111
11001
01001
01001
01111
5 5 1 0 4 4
11101
11101
01111
01110
11011
10 10 1 1 9 9
1111111111
1101010101
0001010101
1111110001
1111111101
1111111101
1111110101
1010000101
1111111100
1111111111
5 8 2 2 0 7
11111111
11111111
11111111
11111111
11111111
1 1 0 0 0 0
1
1 2 0 0 0 1
10
8 8 0 7 7 0
11110001
11111101
11100001
11101101
11100101
11110101
00110101
11110000
8 8 0 6 7 0
11111011
10001011
11101111
00110011
10010111
11111010
10001110
11111011