19
8 8
 0 59 38 33 30 17  8 63
37 34 31 60  9 62 29 16
58  1 36 39 32 27 18  7
35 48 41 26 61 10 15 28
42 57  2 49 40 23  6 19
47 50 45 54 25 20 11 14
56 43 52  3 22 13 24  5
51 46 55 44 53  4 21 12
2 3
1 2 3
4 5 0
8 8
59 10 55  6 53  2 41  0
56  7 58 61 30 63 52  3
11 60  9 54  5 40  1 42
 8 57 12 31 62 29  4 51
33 16 35 22 39 26 43 28
36 13 32 19 46 21 50 25
17 34 15 38 23 48 27 44
14 37 18 47 20 45 24 49
5 194
  50  39 263 766 906 568 925 951 467 310 293 948  56 484 801 843  52 523 752 746 251  99 364 392 633 320 762 593 554   9 677 229 742 114  66 960 246 245  20 873 227 540 525 474 615 854 508 915 898 534 470 581  51 477 912 356  76 319 790 132 298 820  19 775 199 399 318 323 174 889 302 112 957 436 930 942 893  86 929 426 396 206 345 124 821 292 413 785  59 242 239 261 299 429 252 835 504 950 542 946 707 127 460 284  27 253 111 445 641 831  44  63  45 632 481 425 637 100 578 552 266 933 271 421 714 627 297 133 255 796 780 249 737 620 639 681 799 210 240 258 651 776 463 491 657 419 393 774 673 847 361  11  60 706 745 784 954 287 616 658 427 680 676 519 103 619 119 965 343 168 576 755 383 379 643  43  17  34 582 224 247 881  87 583 404 439 184 699 713 826 874 221 718 218
 559 388 966 276 131 295 635 466 838 390 600 288 892 488 596 545 385 254 695 862 927 452 148 187 698 175 334 330 691 666  58 207   6  72 738 363  55 509 674 123  65 734 418 900 895 237 877 646  46 922 789 236 832 408 377   8 659 788 431 495 668 781 259 230 499  49 689 372 730 878 387 164 490 176 447 250 341 702 664 768  54 214 209 798 282 115 196 849 169 840 758 280 779 286 188 475 468  42 325 683 173 866  10 365  69 469 358 815 807 907 648 603 747 367 339 624 607 511 628   4  29 606 369 434 886 949 923 761 412 129 642  97 291 135 636  32 743 773 555 118 149 444 442 764 228 808 315 160 649 546 855 397 863 967 777 492 570 405 373  40 443 136  48 483 126 814 155 248 506 956 231   3 660 437 556 795 301 226 352 516 306 108 623 543 634 338 833 911 151 520 822 724 917 329
 935 858 189 326 116 204  98 939 510 650  22 109 924 348 861 723 270 162 565 170 952 513 125 569 378 602   2 670 222 771 567 342 233 678 122 856 257 876 566 502 926 536  18 328 553 589 671 485 265 778 868 304 178 153 897 537 382 430 181 913 256 621 473 285 458 138 493 749 920 921 663 144 359 705 834 456 195  67 864 416 936 400 538 308 914 686 612 575 391 223 157 558 875 548 703 191 626  62 928 573 106 813 629 489 638 403 550 547 739 453 380 321 740 614 415 186 865 433 156 395  68  81 888 709 260 267  25 711 141 839 665 783 213 211 274 613 146 770 625 693 497 938  16 128 289 461  53 401 192 818 503 147  26 560 235 530 476 750 782 899 830 759 823 598 669 644 150 848  90  73  36 609 751 645 205 428 268 969 804 120 585 720 486 794  12 515 296 350  37 368 190 588 577 336
 647 959 322 398 225 725 305 728 347 653 842 183 811 234 514 630 459 158 535 869  89 721 171   5 406 208 335 102 748 533 733  96 337 945 349 655 572 140 161 166 163 732 117 846 194  85 307 414 829 735 708 754 727 529 756 440 142 618 324 294   0 314 290 722 594 311 312 880 375 918 909 423 859 901 454 661 527 277 757 532 884 741 604 500 937 193 841 934 675 563 592 232 464  38 816  70 212  95 449 526 217 580 143 182 498 905 726 837 478 384 852 451 940 167 679 275 362 410 611 241 197 717 719 584 853 767  94 800 903 177 353 819 765  78 417 316 908  41 941 631 932  84 346 731 145 828 272 697 692  83 562 351 885  13 574 371 587 595 700  57 487  92 622  21 283 357 281  77 386 303 185 121 309 300 953 654 327 279 366 772 407 462 180 817 891 376 278 787 479 656 805 539 107 879
 154 716 857 501 608 238 944 688  31 551 455 101 200 524 685 902 931 597 910 744 806 273 640 586  71 872 531 672 471 557 113 802 317 541 591 687 964 916 792  14 264 652 763 844 871 851 450 599 360  15 139 961 662   7 374 883 710 850 549 432  88 793 729 409 422  61 165  35 446  24   1 682 712 472 694 389 344 381 219 313 134 887 130 333 355 845  23 137 870 179 402  82  75 797 203 943 896 867 667  28 496 617 394 704 411 370 919 465 684 216 590 827 701 894 561 947 243 480 201 715 958 172 244 760 518  30 198 809  79  80 457 544 202  64 696 340 769 955 786 753 215 824 269 441 825 605 571 110 610 528 601 482  93  91 521 448 810 220 507 438 522 860 505 159 962 564  74 420 736 904 517 803 424 512 105 791 890 963 579 836 494  33 435  47 332 882 262 152 354 812 968 104 690 331
7 1
1
1
1
1
1
1
1
3 4
 2  5  8 11
 7 10  1  4
 0  3  6  9
3 7
12 15 18  1  4  9  6
17  0 13 10  7 20  3
14 11 16 19  2  5  8
5 8
16  6 22  1 11  0 30  0
33 15  1 14 28 26 22  1
28  2  3 36 25  7  0 17
14 39 19  1 22 34 39 34
15 27 38  3 18  8 16 13
4 5
11  2 15  8 19
16  7 10  3 14
 1 12  5 18  9
 6 17  0 13  4
6 6
30 19  6 17 32 21
 5 16 31 20  7 10
26 29 18  9 22 33
15  4 27  0 11  8
28 25  2 13 34 23
 3 14 35 24  1 12
1 1
0
20 11
 147  152 -158   12  130 -179  -73    1  -42 -185  -49
 -60  -42  -11   -7  -15   25   57  -97  130  -91   17
-150  133    7 -118  182  -62  -65   75   64  -58 -150
-146 -135 -211 -189  -33  167  -72  -47   75  162  -19
  60    7  -22  -95  -13    6    6    0  -24    0   22
  -3 -129  123  190 -103   24   60  140  169 -163  -87
 -22  -29    7  -51   53   72   24  118 -143   95   81
  54  111   51   32   -6   67   -6  -45    1   25   32
 208  -61  -25 -174   56   -7  -14   26   27    0   57
 -56    0   24   -8   47  -26    6  106   87  -93   42
  15  105 -141   -8   48  -36  126  -22  -80   58  -40
  41   56  -92   58   62    4  -26  158  203  -23   69
  14 -103  -35  -82  -91   41   40  -96  -30   32   33
  22  -51   28   -3  -55 -183   85   91  203   -3  -76
 -23  112   23   25 -143  163  -44   94   -5   93   59
 211  -84  144  -37   53   92   18   89  -37 -150  -25
 -27  -78  -18 -122  -14  -49   87  -24  -19    8    2
 134   80 -181  -41  -55  182   -3   38  -24 -118   64
 141  -18   22   -4  -34   50 -143   33  206   74   62
 100   46   -5   86  -51 -112  -31   67   49  -28    4
10 8
 0 23 42 55 10 21 00 39
43 56 11 22 41 38  9 20
12  1 24 45 54 47 40 37
25 44 53 57 00 36 19  8
 2 13 26 00 46 00 48 35
27 30 58 52 49 34  7 18
14  3 28 31 16  5 50 33
29 59 15  4 51 32 17  6
66 74 72 60 64 68 70 62
73 75 65 67 71 61 63 69
3 8
2 5 8 2 5 2 4 1
7 1 3 0 9 2 4 1
4 1 6 0 3 0 0 3
6  5
10 19 28  1  8
27  6  9 18 29
20 11  0  7  2
 5 26 15 22 17
12 21 24  3 14
25  4 13 16 23
8 8
 1 24 55 36 11 22 53 34
56 37 12 23 54 35 10 21
13  2 25 64 41 60 33 52
26 57 38 61 44 63 20  9
 3 14 45 42 59 40 51 32
46 27 58 39 62 43  8 19
15  4 29 48 17  6 31 50
28 47 16  5 30 49 18  7 
8 8
 0 23 54 35 10 21 52 33
55 36 11 22 53 34  9 20
12  1 24 63 40 59 32 51
25 56 37 60 43 62 19  8
 2 13 44 41 58 39 50 31
45 26 57 38 61 42  7 18
14  3 28 47 16  5 30 49
27 46 15  4 29 48 17  6
8 8
 0 23 42 55 10 21  0 39
43 56 11 22 41 38  9 20
12  1 24 45 54 47 40 37
25 44 53 57  0 36 19 08
 2 13 26  0 46  0 48 35
27 30 58 52 49 34  7 18
14  3 28 31 16  5 50 33
29 59 15  4 51 32 17  6
8 8
17 58 49  0 47 14 21 62
50  1 16 59 20 63 46 13
57 18  3 48 15 22 61 44
 2 51 56 19 60 45 12 23
33  4 39 52 35 24 43 10
38 55 34  7 40 11 28 25
 5 32 53 36 27 30  9 42
54 37  6 31  8 41 26 29