5
3
Toontown 3 5
Westford 4
Georgetown
5
Toontown 4 4 4 4
Paton 3 5 5
Westend 10 5
Anterson 8
Paulson
12
A 1 10 10 10 10 10 10 10 10 10 10
B 1 10 10 10 10 10 10 10 10 10
C 1 10 10 10 10 10 10 10 10
D 1 10 10 10 10 10 10 10
E 1 10 10 10 10 10 10
F 1 10 10 10 10 10
G 1 10 10 10 10
H 1 10 10 10
I 1 10 10
J 1 10
K 1
L
12
A 12 10 17 10 10 3 5 4 10 10 10
B 14 5 10 10 10 10 2 10 8 10
C 1 18 10 12 10 5 10 10 7
D 17 3 14 10 17 16 6 10
E 13 9 10 13 10 10 9
F 9 2 10 19 10 3
G 4 12 16 10 10
H 2 21 10 10
I 1 27 12
J 13 15
K 16
L
5
H 1 21 10 100
I 1 27 12
J 1 15
K 1
L

