5001
09 30 9522
12 25 4878
11 11 2200
02 07 4328
02 26 8113
10 18 6022
01 04 4749
04 08 7889
11 15 5600
02 22 8001
04 11 8753
09 28 4191
11 20 4900
06 16 9400
12 05 4565
02 12 4134
03 27 4202
06 23 6558
11 01 5776
01 30 6467
08 11 5461
11 13 5142
08 20 5309
04 25 3696
10 13 7494
09 12 1951
10 07 4988
06 29 4049
02 13 7928
08 15 9550
09 03 1345
08 25 7598
12 01 1308
10 22 5150
12 09 5623
08 28 2261
08 23 3247
01 19 7848
07 26 5232
01 17 7366
03 04 9759
02 16 1822
03 18 2279
06 25 6776
06 11 2678
07 17 8470
05 01 1296
10 01 9246
04 08 6498
07 13 8676
12 10 7841
04 17 1662
07 01 4947
01 31 3409
02 28 4320
09 20 3174
11 10 2192
06 26 8800
08 11 2139
10 03 2903
02 24 7772
09 28 1532
05 07 9146
05 11 7975
02 01 9099
05 16 5984
06 17 7261
07 05 4948
06 04 8763
10 21 6988
02 11 6244
10 10 2482
11 05 8836
11 17 8308
03 12 6688
02 18 9126
09 23 5898
08 14 6096
05 25 6523
09 03 4513
10 02 6701
05 14 5492
03 06 3678
10 23 1002
06 29 1086
10 26 1359
12 08 2938
11 02 3924
05 19 6146
04 08 6787
05 24 3545
07 11 6981
01 04 3521
11 29 7471
11 30 5693
11 22 7178
08 15 9266
01 28 1400
11 12 3782
01 05 2760
11 10 4830
03 15 7481
10 01 2057
12 26 3120
09 30 7406
09 07 2723
04 19 6163
01 31 6429
08 28 8224
09 18 4470
11 23 9119
07 08 3930
05 13 9235
07 20 6884
02 11 4274
04 21 7311
01 21 7153
10 01 9409
11 15 3001
05 02 2429
03 31 2903
04 17 4371
05 16 1109
01 20 4853
06 01 9178
06 11 6059
11 26 5330
01 30 4202
06 11 3132
11 05 5751
02 08 5679
04 15 2158
09 06 5052
01 28 8061
11 11 7015
11 22 7236
01 21 3346
01 05 8727
12 09 4780
05 24 7961
11 19 1238
06 22 1608
09 09 5613
07 16 2014
10 23 6189
10 16 7077
08 18 7347
05 18 4146
03 06 2337
11 30 1324
05 19 2841
05 13 4275
12 08 2053
10 10 9201
03 14 9066
12 13 9105
06 12 3171
04 21 8242
02 01 9013
09 10 8880
04 19 1455
01 02 9313
06 16 6148
07 23 9541
01 03 7486
08 28 3021
02 07 4449
11 27 7489
09 21 4377
05 15 9528
04 29 9450
02 06 3505
03 08 2514
02 13 1782
04 05 8159
04 14 7995
09 11 7924
03 13 4361
01 01 3351
04 02 3776
04 26 9878
02 10 6208
02 03 1327
08 07 4919
12 03 2900
08 08 3393
05 24 3051
08 22 5884
06 02 2557
04 28 5787
04 15 4401
07 22 5206
01 11 2164
09 04 8127
07 22 6211
04 06 8355
02 21 1907
06 09 3336
01 25 5836
03 15 9133
12 30 1868
07 24 5281
08 16 6110
03 04 4016
10 21 4957
03 20 1200
08 15 9762
01 29 1270
01 27 3939
07 26 5046
03 05 1725
07 08 7413
08 19 6468
03 02 4749
05 21 4143
12 04 8692
04 08 5390
07 07 2054
04 29 5413
02 19 5683
06 02 4481
06 23 3080
02 12 4209
02 06 6902
09 26 6351
11 30 9080
01 19 6100
02 20 1446
05 18 6332
02 05 6034
07 01 4204
11 30 5147
03 06 9885
06 26 9741
10 30 1162
11 12 3540
06 21 9378
06 06 2942
02 07 5742
03 21 6098
04 06 6977
09 01 2686
04 19 5399
11 19 3688
02 06 4891
03 18 7717
07 13 5326
12 22 5069
11 30 5284
11 06 6062
05 23 1781
05 06 6392
02 02 1879
11 26 6189
11 18 5798
12 09 7250
09 08 9508
11 05 1255
12 09 7882
05 02 1663
02 03 6786
10 06 1812
01 06 1793
09 29 7624
04 10 7490
10 11 4164
12 24 2166
07 26 6381
07 17 5326
07 07 7142
10 03 8466
01 16 6548
07 15 9396
01 22 4534
01 16 5545
10 18 5383
08 30 3915
05 24 1707
09 26 7050
03 03 1172
09 21 9583
06 27 2090
08 10 3879
04 23 3584
05 04 1434
09 26 5170
09 13 7028
02 21 3160
12 03 4008
09 28 1508
09 16 2337
02 08 6717
11 27 7317
09 14 2910
05 30 3967
03 17 9407
10 14 9290
02 24 1460
01 05 9778
12 05 2516
02 22 8173
06 08 3418
03 07 1309
12 21 7702
12 22 4774
11 10 6262
03 27 5582
11 25 7411
09 16 3438
07 16 5134
07 24 5657
02 22 2533
04 24 9202
04 04 9883
06 02 6593
08 20 3055
04 16 7787
05 23 3626
09 28 6349
06 09 3493
08 10 1850
11 19 3316
01 10 3085
12 17 3278
04 09 1272
01 15 1231
02 11 6370
09 21 1972
11 18 3242
05 31 4590
12 24 2940
01 08 8263
05 07 8439
04 22 1557
01 17 2884
04 06 9096
08 29 2776
09 06 4924
09 12 2429
10 10 1042
08 06 3883
03 28 9479
11 18 6945
10 27 5108
09 28 7896
12 31 5784
04 08 1282
07 07 8625
04 02 9986
12 22 5512
09 03 5153
02 04 3638
01 20 5642
07 31 8860
08 26 1967
11 28 9339
07 30 7809
09 09 9708
09 10 2336
09 05 4567
10 12 7694
01 07 3222
09 23 7324
06 22 1198
06 14 4379
11 27 1449
09 07 7511
02 27 7424
07 17 1262
12 06 5165
12 17 6004
12 12 8387
09 29 7838
08 18 3784
05 25 7699
08 08 7532
03 12 8437
10 22 1511
05 03 9351
12 24 3170
03 11 6197
04 24 4196
03 13 3367
08 30 7330
07 27 8840
07 31 9370
06 16 7669
08 24 1811
04 04 2669
01 02 6928
10 04 1548
11 07 5594
11 05 4693
08 07 8632
03 22 4017
09 21 1324
01 06 9809
02 23 1264
06 10 8935
02 15 1484
09 27 5654
10 15 9692
09 16 6981
03 30 2126
11 17 5950
05 13 1396
02 23 6478
01 14 7635
01 21 1033
03 07 8183
09 30 1060
10 08 3920
01 21 3659
04 10 9761
01 24 6300
09 04 5728
02 17 7233
11 17 3706
01 13 5604
08 01 8385
12 17 4193
11 22 9998
10 17 5950
07 10 5249
12 04 1530
12 10 9850
06 09 2468
06 25 1483
02 06 1190
11 20 7892
09 24 8303
02 17 8375
08 07 5545
05 22 2982
02 03 9793
03 08 7484
01 31 1072
08 07 5965
01 30 7648
01 09 1200
06 17 8008
07 24 2595
11 07 5589
05 16 3000
09 27 2889
01 07 6571
03 14 6742
04 30 3737
11 11 3683
12 01 1204
01 22 1036
04 03 3631
08 10 8593
01 02 5669
11 24 5900
06 29 6406
09 04 4543
04 10 4069
04 25 7672
05 15 8029
11 12 1960
10 04 4620
01 20 6385
12 15 9949
03 19 7562
11 06 9250
11 30 4882
01 19 8467
09 25 7652
09 30 6685
01 23 9664
10 05 9973
03 05 4725
12 21 3748
06 21 7360
10 21 9220
03 15 2137
06 16 3072
03 18 5308
01 25 3577
11 20 6112
12 14 8759
03 25 1462
06 23 5357
04 10 8465
08 27 9704
05 31 5585
08 07 7751
04 02 4164
03 16 2291
02 06 7615
03 12 2741
11 03 7111
01 14 2067
05 15 7041
05 30 9505
07 11 7480
11 19 8659
11 05 6203
07 14 9335
09 17 8380
09 05 2792
08 10 4609
11 09 3928
09 07 4760
06 19 7622
08 26 6595
05 25 2119
09 06 4097
08 18 2850
10 20 6036
11 13 8614
04 18 9737
09 09 2171
06 07 1235
08 08 2210
06 19 4566
09 11 2499
07 25 5677
05 29 8168
10 11 7219
02 22 1231
09 04 7962
10 14 5990
06 16 9024
01 10 1365
11 02 4948
04 11 9740
03 21 9582
06 23 8788
07 27 9980
06 23 8335
02 07 3081
03 08 3310
12 10 6974
07 15 5772
12 02 3328
12 02 5203
12 05 1138
07 24 5256
07 18 6858
07 30 4944
03 09 5234
11 19 2426
11 13 8559
09 13 7725
03 04 4447
07 29 9533
01 05 1824
10 03 1951
11 12 6246
04 22 4380
02 24 8480
07 13 2465
07 15 5999
07 18 7158
08 25 7548
02 04 4595
10 15 2569
04 22 1947
10 15 3272
09 20 1342
06 07 9704
12 22 9682
08 08 5856
11 22 2041
10 28 3692
04 24 8710
12 08 3957
12 20 2760
04 18 6514
01 14 8753
07 31 6111
02 04 6395
09 12 9577
05 15 2131
03 22 9102
03 10 6037
01 23 5054
10 28 1467
05 26 7612
11 22 3583
08 12 2913
03 25 8827
03 20 9464
03 16 6837
10 30 2822
04 04 5306
10 27 4332
03 22 9466
05 04 2376
07 19 2461
08 15 4938
04 24 2119
01 29 4389
03 10 1783
12 19 8479
05 04 8817
10 28 5427
07 27 4453
04 26 2415
09 08 8372
05 12 6250
02 02 2086
06 24 8607
04 25 7063
09 17 2449
05 02 5958
11 11 1397
01 15 9141
09 13 5253
05 30 7308
01 26 5265
12 14 3908
01 16 3263
10 07 6807
08 19 3480
03 09 2105
02 03 8778
05 14 7085
01 26 8405
08 24 6249
06 08 1320
06 18 1360
07 16 3063
09 26 3222
05 07 9075
12 21 9723
08 07 9038
07 11 1990
03 15 1103
01 06 4481
06 25 8880
04 07 2703
03 05 3437
04 27 9127
03 25 2863
02 05 7677
12 15 2549
05 13 6071
07 09 4220
02 03 4826
10 21 9114
07 24 3110
07 31 1849
01 09 8053
12 01 9507
05 16 5858
11 21 7935
01 07 6846
09 13 6155
06 14 8910
08 19 8008
06 12 3960
02 22 5553
05 19 3411
07 03 4591
06 11 8524
10 04 4579
04 06 5990
02 15 6830
11 08 9180
01 24 4691
11 20 9553
01 21 9371
01 17 2030
10 04 2545
11 04 8437
03 28 4114
02 25 1147
07 28 7728
09 18 3641
03 30 4582
10 04 2225
10 13 9453
08 15 3539
10 17 6177
10 31 3629
02 21 3383
05 09 6400
10 30 8876
04 14 8603
01 26 4125
06 27 8373
07 19 7676
09 28 4792
06 01 2402
09 03 8272
09 14 2532
02 25 8381
01 31 6499
06 11 3455
12 14 8504
01 20 1267
06 02 5240
01 19 8467
12 11 1416
06 16 6516
04 24 2493
07 04 8805
08 01 2524
07 13 2120
01 19 4092
05 10 8171
10 16 7463
06 11 7658
01 26 3964
10 08 2981
02 09 9083
04 26 8848
03 04 5325
03 09 1613
03 11 6796
08 25 3294
12 08 5931
11 16 8912
10 27 4564
10 24 7798
06 05 6589
12 19 1935
08 13 8833
09 09 1595
02 05 1469
06 10 6603
05 12 9455
01 07 4640
10 26 9166
06 25 6071
12 15 4984
09 25 4740
05 18 9959
05 19 1046
01 15 3641
08 31 6789
06 28 4346
08 14 3068
01 26 6800
12 28 2715
01 31 4595
03 12 8891
03 23 1933
05 04 5898
02 20 9864
12 21 6577
08 05 1681
08 16 9854
08 20 5328
01 18 8726
02 11 3037
01 02 5823
03 15 9700
04 19 4428
08 27 8483
04 13 1630
07 02 2658
03 08 1013
09 22 4466
03 01 8689
01 16 3783
11 27 8524
12 20 3654
06 15 7473
09 30 9949
07 17 2036
03 03 8100
06 07 8948
11 03 7392
07 02 3469
10 06 3728
08 28 5600
05 03 4175
12 12 5402
07 16 6400
04 08 2560
03 21 4293
12 13 8658
11 16 7311
05 21 6143
06 04 3275
03 18 9943
10 22 4493
06 23 2689
06 05 3913
07 18 2762
06 09 5881
11 22 9076
01 08 8525
12 15 8085
12 13 9604
09 30 1553
02 02 4088
05 28 1807
08 07 5042
09 08 2702
10 26 1610
11 26 2010
02 07 2582
11 14 9302
07 07 5172
12 15 8308
12 24 9061
08 15 8714
01 25 8295
08 17 9176
05 09 7482
02 25 6076
03 25 7570
10 04 1143
02 05 4807
10 23 2095
09 12 8875
01 15 3037
03 20 8446
05 28 5623
03 08 7964
10 04 3129
11 20 1443
11 16 4360
09 04 8823
07 04 7022
10 25 5362
01 28 8111
12 05 2794
07 07 4484
12 01 4478
02 11 2908
01 29 9298
08 23 4099
03 15 7020
12 03 9022
01 11 9772
04 29 8647
06 25 3034
03 30 8502
05 28 6432
10 20 1513
12 22 5765
10 21 8275
07 20 3485
02 02 1125
11 14 6436
08 04 7121
03 15 6564
05 24 7497
10 11 6861
09 05 1945
11 26 5371
01 28 4350
12 16 6468
12 08 5711
01 17 1850
02 02 3055
10 27 8052
06 09 4231
03 09 3617
09 23 5711
01 25 4925
05 12 4593
12 20 5891
12 28 3125
04 29 7053
03 10 5558
04 23 1761
05 03 7242
12 25 5290
04 07 1535
07 31 8330
12 24 6700
06 18 8949
06 14 8939
02 24 2062
12 09 6639
04 21 4656
06 13 8758
02 14 6555
02 04 6739
03 26 7730
12 21 9995
03 18 1905
05 31 9576
05 10 6252
01 30 3378
09 22 4952
09 24 7931
09 14 8451
04 01 4264
10 12 2806
11 05 4500
01 12 3162
10 04 4054
10 06 9356
05 11 2643
11 24 5735
06 27 8690
02 16 6793
10 27 4373
11 25 3113
11 17 9850
10 27 1627
10 25 1620
07 17 7610
12 30 5423
08 25 4224
05 07 1049
03 22 4417
03 18 7570
06 30 7523
09 02 2278
02 06 6906
12 01 6321
12 09 4313
11 11 4231
07 02 6442
02 08 4087
02 21 4279
11 29 4634
01 03 2692
06 23 6788
04 17 8931
12 16 6224
08 11 5200
07 13 6413
07 25 1563
11 08 7230
09 21 5488
11 17 4840
03 18 3450
10 27 3912
12 13 7922
07 14 9543
12 19 1732
09 17 7605
09 19 7223
01 09 2527
08 19 4696
02 11 4682
10 14 3714
05 09 9304
11 09 6549
02 03 7141
02 22 7182
08 19 8108
06 29 1288
10 27 8217
01 01 9660
05 13 5759
04 22 5782
08 29 4367
08 20 7408
02 25 5604
07 06 1916
04 09 3385
02 06 7964
07 15 9890
08 10 2353
07 31 8033
09 30 1310
01 08 4626
11 09 4341
06 22 3648
09 15 6003
05 26 5601
11 12 4956
01 24 4540
09 12 8430
05 03 6615
02 05 6170
06 12 2714
10 08 3381
02 28 1285
03 06 2312
01 31 5539
09 29 3624
11 02 4863
12 31 9692
04 29 4355
07 02 3354
09 15 1473
06 24 7473
02 15 6785
12 19 5128
03 17 2981
03 01 2323
08 11 3619
01 04 1212
05 27 1329
04 30 1850
07 23 6553
02 22 3231
08 25 2676
02 10 4449
03 22 5862
04 17 1497
09 20 9999
07 10 6885
05 29 9216
11 03 7555
07 19 3984
06 16 8711
12 06 1308
11 01 1147
05 22 3072
06 26 9525
07 05 4779
06 18 7153
10 05 9344
03 19 6026
07 17 4089
07 22 3920
02 03 3681
02 27 9921
08 04 7470
12 13 8915
05 01 7152
05 27 7884
03 10 5962
03 25 7716
03 19 7979
07 14 3029
02 28 4695
05 11 7017
12 28 2678
11 30 3725
02 20 3147
09 06 7642
08 13 4031
09 10 5012
06 15 2939
07 10 8377
05 11 4489
08 19 1418
08 17 4997
04 21 5930
12 10 2359
02 02 3627
08 18 8432
03 20 7371
09 25 2748
07 17 4153
01 25 7431
09 30 4056
10 04 7670
04 11 2012
11 04 7663
02 05 3268
08 13 5057
07 07 4290
11 10 6353
12 23 8681
09 18 7516
07 04 3532
11 13 6054
03 30 3130
03 08 8693
01 31 4938
01 14 2484
11 22 4254
06 04 1905
01 28 3613
01 11 5380
08 16 9147
05 21 6405
01 03 1330
09 25 5320
02 04 9391
06 03 1124
04 15 2727
03 24 9754
08 26 9648
04 12 8139
02 03 9272
12 24 1160
04 04 3380
03 26 2277
11 26 2945
09 14 8242
06 09 4257
08 12 9340
03 14 5222
10 22 5403
11 11 6422
07 08 2321
09 23 6729
07 07 1459
03 19 5929
04 30 9709
08 20 4769
09 25 6563
08 10 5467
04 20 8579
10 13 2875
10 20 6683
04 07 9855
09 25 8555
05 17 4589
10 30 7711
11 04 4733
09 17 1031
07 19 7789
06 04 5346
09 26 2451
12 06 4132
04 08 1135
11 22 4273
03 21 5291
07 07 9852
10 18 7490
05 10 5954
06 28 4922
02 09 8594
02 25 4633
04 07 9400
02 04 8293
03 11 6004
02 05 8039
07 09 1766
01 14 4131
11 11 2452
06 06 5159
12 24 6359
06 02 3721
04 01 6849
07 01 8277
11 16 9815
08 07 3750
02 05 6676
10 23 2846
03 22 6630
05 21 7749
03 11 9083
02 11 8076
01 09 2079
08 18 7920
04 10 2827
04 03 9519
02 03 7677
04 28 7079
04 17 2473
04 02 5489
05 16 9889
08 04 3914
06 19 9855
03 14 3287
08 16 6574
04 29 3852
04 05 5186
03 10 1491
07 02 9899
05 02 3515
08 17 7440
01 11 8905
08 28 2952
03 18 5999
11 05 9690
11 29 6212
11 19 3175
06 01 7110
02 18 1039
03 13 1924
02 02 7952
04 14 8125
03 15 9522
04 16 6839
01 04 8253
08 22 8710
12 21 3990
06 20 2953
08 14 6144
04 12 1291
02 06 9410
11 14 3609
01 15 6219
03 17 9390
11 15 2347
05 14 1543
11 15 8605
10 26 7296
02 26 4520
04 17 6544
04 08 4143
01 05 8875
05 30 6295
08 04 8507
03 01 4603
03 17 9313
02 24 6844
07 19 4870
01 08 7447
05 19 1257
01 16 6320
02 03 6723
11 06 8601
11 24 3984
05 31 9982
12 02 4258
02 16 9022
02 14 3060
02 07 5486
01 22 4685
05 25 5505
12 26 6340
01 20 1835
07 29 4343
03 06 6165
02 08 9155
04 17 4479
01 13 3382
12 14 4382
03 24 3131
04 12 1968
10 11 7148
07 04 4683
07 18 8232
05 19 7297
07 30 4267
11 11 8076
12 28 5443
11 29 3658
10 14 5363
03 11 7704
05 17 2828
01 11 9723
05 10 8381
08 07 5437
04 13 2694
08 18 8888
04 22 9633
01 02 7053
05 30 8134
06 21 6961
01 04 3904
10 07 5100
08 04 9368
11 27 4793
03 17 5268
05 23 6240
09 04 6059
10 02 5089
07 20 4701
08 30 6019
03 29 2094
07 23 2330
07 27 1060
10 28 7401
01 17 4285
12 23 5193
11 29 6631
06 06 9211
11 27 5923
03 26 8175
06 18 2107
08 09 4763
02 04 1293
01 08 3344
06 26 9683
08 18 6391
03 01 5911
06 21 1107
04 05 1822
01 28 2450
09 01 2595
11 03 6777
09 08 4213
01 18 9474
09 22 1362
12 04 4410
06 04 9543
06 16 4716
02 21 1635
07 10 5938
12 14 1840
08 14 7112
07 02 9336
05 21 6020
03 05 6413
06 08 9912
10 28 3120
11 23 6253
12 18 4789
02 02 6747
10 20 6280
03 31 2470
08 04 3444
02 03 5786
04 26 6725
01 10 9795
07 19 7723
12 18 7852
02 17 5881
07 23 3854
08 28 8934
10 07 1916
05 07 6439
04 01 1193
08 19 2350
06 21 6329
06 11 5509
07 07 1358
11 19 2665
10 22 2362
12 15 8998
07 05 3457
01 04 2369
12 22 6250
07 05 3838
12 30 9090
05 13 7529
02 11 3862
09 29 5164
08 14 1581
01 13 9521
03 18 8397
05 26 6518
02 04 6243
08 13 9524
03 03 8143
04 10 9815
09 11 2074
08 09 5806
05 29 1300
06 10 1992
04 18 3839
05 29 1269
11 25 3173
08 12 1077
12 26 3794
09 25 5162
05 16 9720
07 21 8816
09 06 3571
03 12 3468
04 17 5421
09 05 4984
11 28 8741
08 28 2124
06 23 5777
05 10 1092
02 23 5506
03 15 1981
02 04 5466
05 15 7395
06 11 5670
01 09 8292
07 07 3170
02 20 6860
08 09 7652
01 19 1432
06 10 3508
01 05 7145
05 30 5685
03 18 9616
10 30 9195
08 19 1570
12 12 5667
04 07 2508
09 18 8627
12 26 4665
09 04 4183
11 29 3821
08 25 6503
11 15 3968
02 08 3208
12 05 9382
10 16 3838
01 06 1548
11 13 6796
01 03 9486
07 31 3802
11 01 1022
04 30 9678
03 25 4917
07 09 7300
09 19 7791
01 14 7210
08 16 3602
07 22 7943
10 05 5731
01 09 4407
03 22 4565
06 25 2217
01 05 1701
06 18 5008
04 21 7619
01 25 6110
09 09 4931
11 15 1497
05 25 5151
02 27 5285
07 20 5683
07 22 9903
12 26 4302
05 26 4034
09 02 6439
01 17 9864
04 26 6931
03 04 5742
11 30 2403
03 14 8029
12 26 8921
03 19 6459
09 13 1160
11 26 9235
05 08 1616
01 10 4346
09 22 3043
04 30 3146
08 18 8581
03 05 8288
08 15 8998
06 14 2108
07 13 1263
12 17 5872
12 30 5648
09 05 4917
12 27 7724
06 24 4118
09 06 1682
02 25 5933
03 26 5213
03 22 9927
03 05 6771
06 12 9626
12 24 6100
09 17 8116
07 21 1861
01 24 5038
03 30 2488
09 14 2172
03 19 6918
06 08 3000
05 23 7759
08 01 6420
10 01 3074
03 24 1050
04 18 1311
08 10 4281
08 21 6509
11 25 7986
07 30 8834
08 06 9540
10 23 5456
10 18 5832
11 23 7683
06 03 9197
04 23 9344
11 23 4653
03 08 4192
03 10 5430
12 01 5267
07 14 3185
04 03 3160
01 29 8513
06 28 7805
08 19 1586
03 19 1207
01 27 3198
11 19 3626
03 16 6845
03 28 1275
07 23 6060
04 17 7258
07 14 9413
12 27 4231
06 03 8653
05 20 3037
11 20 2516
12 01 3249
10 01 4021
03 02 5416
12 22 2357
06 04 7541
04 08 9125
01 03 7565
05 01 4971
02 16 8928
06 05 4140
10 08 6611
12 19 9945
05 05 9796
08 23 2275
09 07 8770
03 29 4463
10 17 7101
01 14 5860
05 20 9229
10 19 6256
11 25 2326
08 01 6826
09 03 4759
05 13 1979
12 26 6622
07 02 3461
06 01 5780
01 05 4360
06 02 2756
10 26 4435
06 15 2956
03 02 2075
04 25 1010
07 12 4511
04 09 1322
08 29 9815
12 29 9799
04 16 7131
05 22 4439
08 09 5325
11 10 4427
11 24 4228
04 27 4249
02 08 2375
08 12 9231
09 22 6041
03 14 5964
11 26 8634
06 13 2226
08 04 5555
10 14 8641
10 15 9288
07 03 1349
12 23 9336
10 21 4024
05 21 5929
04 18 3464
03 16 6027
07 06 7673
09 09 2821
08 14 4467
02 03 1611
01 21 5545
09 03 1991
08 21 7070
09 30 9768
09 02 7819
03 11 4900
09 06 9225
07 21 1131
02 13 7082
08 19 9437
01 09 1561
08 10 8174
06 13 6813
03 05 1003
05 26 4769
11 21 6659
09 28 5611
11 25 1118
12 09 3501
04 27 1118
07 22 8617
07 05 5688
07 25 2077
09 29 5806
09 27 7286
10 05 8442
06 30 7097
01 20 6742
01 25 6859
09 06 3403
12 07 9004
09 01 3106
04 25 2751
06 28 9382
07 21 7618
12 07 1174
05 30 5490
09 16 3446
12 16 3798
09 01 1256
09 15 5876
12 01 8186
09 28 2542
09 30 1729
12 22 3624
11 08 9235
09 15 1172
08 15 6238
11 10 3011
03 30 9045
11 15 2606
07 17 5427
07 18 8795
11 20 1257
06 08 1192
05 11 3253
02 03 4126
07 02 2234
08 09 6180
03 27 9901
04 07 1126
08 15 8341
07 21 9542
03 01 5685
06 29 2426
10 12 2488
09 02 9622
07 08 4018
03 15 7114
01 02 2138
05 12 4956
02 06 2521
07 10 2316
09 15 1619
12 15 2538
03 21 6786
10 17 3039
12 04 8945
06 14 1852
02 15 9951
10 26 7803
10 26 5651
12 26 7124
03 06 1379
07 06 9210
06 18 7266
08 23 7476
12 24 3082
01 14 9704
11 19 4959
09 27 6988
12 13 9335
02 11 9531
10 05 9740
11 11 8079
03 25 9965
11 20 3258
03 28 7204
06 29 9141
02 12 3283
05 07 8121
02 10 1318
10 15 3944
10 18 4396
07 29 7003
11 09 4048
11 23 8056
12 24 6737
01 04 5973
11 02 1841
06 14 7276
02 27 1174
03 10 2013
03 06 5934
07 17 9983
07 22 2808
02 27 6868
08 02 1393
07 29 9285
01 04 3782
06 13 9867
01 14 2420
02 10 7914
01 12 4897
09 07 2037
03 31 5068
02 22 5969
11 23 5673
02 15 7938
11 16 4856
05 13 6894
12 02 5698
08 10 2303
12 14 3044
05 06 3410
04 08 5627
02 11 3873
04 25 6384
06 11 3567
06 13 9075
09 10 8664
06 20 8090
08 12 6629
06 04 8865
07 31 8355
04 16 2551
03 11 6147
08 13 9654
06 04 3581
11 21 7902
03 22 7273
12 13 5877
04 09 7515
08 15 2032
04 19 3225
11 04 3185
01 12 2413
02 03 5906
01 01 5704
07 20 4160
01 24 2590
09 15 4222
09 23 8076
03 05 5019
06 03 8763
06 08 2398
05 19 6254
02 13 1315
02 12 6693
08 16 3724
02 28 1381
01 01 2251
09 21 7693
02 13 4185
10 10 7720
01 11 6206
07 03 7782
06 12 2974
09 01 2555
06 12 1379
01 19 7048
10 25 9083
03 04 4358
07 30 1124
09 01 8213
01 27 7538
11 17 7062
12 25 2527
11 29 4370
09 22 3940
03 26 5950
11 12 1159
06 07 1445
02 17 7816
12 04 6418
04 21 3578
06 01 2129
12 31 8044
04 15 6721
07 19 9234
09 14 9790
06 30 7197
02 02 3783
09 28 4776
07 08 7253
02 01 7066
10 15 6145
08 30 9485
05 01 3284
10 07 5888
02 28 3313
01 12 4634
04 30 7186
05 01 2924
01 14 6948
04 03 8958
11 11 8051
06 18 4971
12 19 7692
08 04 7207
11 24 6960
11 14 2207
05 26 7835
04 07 4799
01 12 3764
04 12 7408
11 05 6509
01 31 9073
03 31 7002
04 23 2032
02 17 1749
04 10 8407
07 27 4046
04 18 4045
09 17 3402
07 11 8576
08 27 1665
12 04 7490
02 23 1693
03 15 8235
05 15 4937
01 10 6843
06 06 6133
02 17 1173
01 31 8710
07 07 9054
12 25 1411
03 28 7195
09 04 1760
01 25 4869
06 25 5016
06 20 7945
04 19 7219
06 19 3590
09 05 5474
04 04 2861
02 24 7014
01 02 8803
12 08 3358
10 10 6611
05 18 5669
09 14 9861
06 10 4567
09 05 5928
03 14 4130
06 30 9969
02 06 3844
09 21 5600
07 22 5152
06 05 4653
01 16 8007
08 05 5616
08 06 8205
10 05 6156
01 14 1024
07 14 9027
10 26 2966
03 09 4917
11 24 4798
04 08 8976
07 29 2069
06 20 5740
10 05 5315
01 30 9629
03 29 4057
11 21 1562
05 03 5763
09 09 4293
03 02 4294
07 30 4868
05 19 9208
07 27 4997
07 28 1053
01 04 1782
02 12 6540
05 29 7036
01 31 5987
04 06 6711
11 22 6571
10 27 7667
08 30 2850
07 29 7056
05 31 1490
06 20 7053
06 14 1489
04 26 1062
09 19 7231
07 12 3913
08 06 5007
04 16 8211
09 14 9813
06 06 6969
03 28 7324
12 18 4774
04 25 9260
01 09 7291
10 23 4407
06 09 9184
01 05 5406
01 05 1971
05 04 2008
09 05 4806
02 02 1606
08 26 4278
12 13 9923
08 05 3358
02 08 4266
03 30 5438
09 15 9577
03 22 7897
05 18 9022
09 05 5579
01 31 3083
07 21 8628
04 28 7469
03 06 2122
04 15 2928
12 30 7116
11 18 4430
11 13 4907
01 07 2933
01 13 8568
09 16 4035
03 11 9814
01 27 7343
01 10 1805
11 04 2159
06 12 9337
06 20 4612
09 08 9347
03 10 6204
07 12 9703
03 30 3789
06 13 2686
03 21 8715
08 27 1539
08 11 4352
01 01 1272
07 01 1924
12 30 2882
11 05 7857
03 02 1127
02 18 5001
03 02 2471
09 11 1879
02 06 3096
09 23 8602
11 16 2685
05 12 9445
01 13 9842
12 29 1163
03 16 9359
02 24 8462
10 30 9484
02 20 9393
07 29 8822
06 18 9535
01 22 5530
02 12 9464
12 20 9031
02 12 1076
12 03 6269
05 20 5585
04 12 2501
07 25 5677
10 08 2215
02 23 7879
04 20 7935
06 23 8415
09 08 4384
04 08 6870
11 26 3981
04 03 5026
12 11 9310
03 16 5297
07 18 4413
11 15 3738
07 15 9606
03 10 8535
09 24 2275
12 26 2051
03 28 8639
03 04 6530
10 13 2057
12 14 1770
07 06 9508
05 22 6880
06 19 9926
12 18 4259
09 15 5969
04 12 1522
04 07 3218
11 12 3151
08 11 7239
06 28 7392
04 25 3079
03 25 2541
03 11 7770
12 18 6441
03 31 4994
04 19 8155
12 17 8036
12 26 9482
03 31 4285
07 24 1005
03 12 1254
05 26 6564
06 20 4272
08 14 8651
01 08 1590
05 19 7815
09 29 9732
02 25 7393
08 09 8928
03 06 4132
09 18 2651
06 13 4564
05 04 3669
02 23 7533
02 02 4874
07 19 4435
11 08 3180
04 13 7577
05 31 4308
05 15 3285
01 21 6613
10 22 7915
04 14 8626
03 28 5756
08 06 8666
01 04 7806
01 21 2150
03 17 7780
02 07 5614
07 31 1260
03 17 7605
01 07 5181
10 23 2509
03 25 7452
11 26 3808
10 25 1370
03 02 8888
11 03 9047
04 27 4093
09 30 8554
10 12 7555
10 01 9260
11 19 7311
03 19 2421
09 16 5160
08 13 8652
09 04 7683
06 06 6409
05 30 2223
10 17 7026
08 02 9504
05 08 3413
11 27 8059
11 21 2175
04 13 9807
07 02 9124
11 27 1693
07 23 6758
07 04 6543
10 29 7126
05 27 2353
09 16 4169
02 07 9587
06 03 7388
08 07 1449
11 03 8978
03 12 2036
02 27 5924
04 16 6120
08 01 6302
07 23 8719
10 06 2101
03 31 7442
09 21 2332
07 21 4652
10 06 4362
11 15 6272
09 09 6267
09 02 3334
06 19 7065
01 07 1374
10 04 2919
06 30 8280
04 10 7601
01 07 4051
01 02 1460
01 14 3029
06 19 2055
05 16 6882
01 21 5026
10 29 4054
08 17 8361
11 05 4396
10 19 3237
06 07 1533
07 08 5147
07 19 1617
12 31 8164
12 10 3824
08 22 7391
12 23 1302
12 02 3779
01 07 5690
09 24 3390
04 04 7489
11 08 8588
11 08 2897
01 21 5687
12 21 4576
08 11 9866
10 11 6719
07 23 5185
03 14 9588
07 14 7713
01 05 1114
07 02 7940
07 03 2617
06 14 8107
10 16 4950
09 01 2986
07 06 4538
02 15 2097
03 25 5600
07 07 6937
06 08 1100
01 14 7405
05 12 3477
04 15 6157
06 20 4309
11 22 2905
08 31 3753
04 25 1911
08 03 9719
07 07 9712
05 18 5433
05 02 9108
07 17 3726
12 16 9031
05 08 5294
11 10 7057
01 16 4356
02 17 5365
06 01 6844
11 19 5064
05 21 3213
04 26 4277
05 10 2464
07 09 8690
07 26 2329
06 25 1538
06 22 6242
09 18 5058
03 31 9516
07 26 6283
06 21 5678
09 17 2802
03 01 3594
06 11 4618
11 18 9506
12 11 6024
11 03 2416
03 04 8104
01 22 8216
10 10 3962
08 04 3044
03 30 5533
12 12 1614
02 08 7082
04 17 1711
08 11 6611
07 08 5784
03 18 8819
04 22 2289
02 10 1327
11 08 3271
03 29 4371
02 03 1957
07 26 8140
08 13 1001
02 17 7674
11 24 5554
01 24 7543
12 16 8597
12 27 5040
09 20 3743
08 23 3036
02 04 6153
09 15 4854
06 23 4589
11 07 9177
05 17 7334
10 16 4257
06 10 3513
04 12 2044
04 25 5780
11 12 1872
10 27 4711
11 20 7273
10 29 9270
07 30 6320
03 29 4187
03 30 4674
10 01 4919
04 03 7596
01 06 2381
05 20 5437
10 07 8822
02 01 2261
12 13 3094
07 21 5998
09 21 3084
11 18 6918
08 24 6946
08 31 7813
07 27 9992
05 26 7508
02 24 5999
11 05 6516
11 02 6303
08 12 1645
04 04 3432
09 30 3329
04 18 9127
12 07 4498
02 26 1196
05 10 1022
03 27 2781
07 06 5590
01 09 7530
06 04 3231
01 19 6195
06 17 6317
05 08 9977
02 25 5645
11 09 1024
10 12 4110
02 25 6148
04 01 3221
08 01 9524
12 21 9738
03 26 7939
07 28 4468
07 01 6494
05 17 7550
03 19 2189
03 08 4730
01 02 1200
06 22 4263
11 13 8941
04 03 5400
10 16 4110
11 28 6338
06 10 6416
09 15 7123
10 30 3573
12 29 8017
01 20 2672
01 19 1222
04 29 7187
11 14 6706
10 02 1560
11 20 1876
11 22 2578
10 03 4601
10 11 6140
11 13 2973
02 22 1623
11 23 4268
05 08 5050
04 13 2020
06 04 7808
08 26 8268
04 01 5552
11 23 9085
01 18 3410
12 12 6939
07 31 7998
06 03 7392
06 14 9545
10 27 1011
03 05 8379
02 03 9955
11 29 8800
09 30 4916
10 13 2336
11 16 6498
12 07 9207
04 14 9441
03 24 4597
08 12 3848
09 20 5698
07 15 3718
10 13 4230
07 02 1011
08 17 4887
07 07 6536
05 04 7371
04 10 2319
05 14 1096
12 08 4491
09 24 2170
03 12 5210
04 26 4956
03 25 9638
09 18 3707
11 27 5561
05 15 3641
02 18 7090
03 18 3359
05 13 1905
08 21 9922
11 27 1284
03 18 7806
08 03 2348
02 17 1640
10 25 5635
09 04 3299
05 10 9635
03 29 3985
07 29 3747
03 09 7165
06 08 6495
03 26 6101
06 14 2550
05 15 2708
02 03 4177
07 11 9003
07 17 1370
12 16 7652
10 22 8999
07 05 5604
12 30 6295
01 21 9152
02 16 6675
02 06 3803
07 18 1075
04 13 8104
03 11 6286
07 03 6103
03 31 7288
05 10 8025
11 23 4915
07 29 9048
03 31 1621
12 05 7170
01 15 6215
05 31 6975
12 16 9728
09 22 6779
01 27 6551
11 16 1106
12 17 4497
08 23 3449
07 10 5783
12 27 9875
08 27 1321
05 24 6520
02 01 3317
02 05 4610
01 04 3533
08 26 6154
06 09 8672
08 08 6249
10 20 6124
11 28 9378
03 11 5527
07 29 4680
04 13 9598
04 24 3834
07 24 9078
12 08 8553
07 25 7994
10 06 1264
04 07 2387
05 21 5981
06 24 6983
02 16 2900
01 12 5473
12 01 3521
03 22 2369
07 04 4926
11 29 2945
04 19 1084
02 02 1327
04 08 6987
05 14 2232
05 05 5046
07 13 4367
12 26 3423
05 23 8684
05 12 8828
03 10 6191
04 06 8387
07 24 4280
03 21 8498
11 16 5429
07 24 4405
10 29 5079
12 26 3618
08 20 6643
06 04 2093
08 30 3190
10 27 1562
08 30 7982
08 27 4850
10 11 7650
05 13 8874
03 03 3439
09 16 8189
01 06 9388
10 03 8911
04 15 8869
06 10 5125
11 05 2301
07 11 9076
08 30 9682
07 19 9623
02 01 7391
06 26 6291
12 26 2503
06 10 7520
03 20 8998
06 22 3099
12 22 9043
08 08 2604
09 14 1242
12 08 9846
04 11 4997
07 30 8646
04 13 5067
02 07 1790
05 25 3913
08 18 8144
07 19 4563
12 25 9750
05 04 3739
04 30 6312
12 17 4669
06 29 8991
07 04 5081
09 15 3511
03 13 2891
09 12 4480
12 19 9139
09 04 7799
04 08 8224
02 28 9449
11 15 5805
05 20 4594
11 23 8216
01 25 7291
03 07 9545
01 05 1638
06 05 5856
12 17 7322
10 16 3371
11 10 1447
10 10 3890
03 10 6731
01 23 1539
02 21 1301
04 09 5121
10 30 8214
11 03 7499
01 15 9533
11 07 3324
11 26 9263
07 01 9104
10 12 1426
08 15 1589
02 17 1964
03 30 4206
08 28 6406
06 22 7139
06 20 6314
02 25 7395
01 02 4472
08 22 2048
07 04 5609
12 09 7975
11 04 2869
07 25 5697
05 21 7339
09 17 2082
08 01 7941
08 14 5394
10 09 3240
10 31 4340
08 18 4858
02 28 5164
04 07 3708
02 18 4514
04 28 6544
02 06 1485
05 08 8701
03 22 1238
05 07 2552
03 13 3545
03 10 9502
12 03 5167
10 24 2961
08 29 5513
05 28 2307
11 01 4735
10 17 8499
01 04 7338
11 01 3537
06 29 5110
01 12 5074
08 16 3673
02 14 8068
04 29 6991
09 17 6742
03 03 1736
02 16 4191
12 16 5487
09 03 7802
12 03 3193
09 11 4078
06 11 4550
10 17 1218
08 10 5547
11 19 6858
07 10 1215
08 01 4950
09 26 3993
08 05 9049
10 30 4327
12 08 2952
04 12 2242
09 07 2105
07 12 9405
10 17 6678
07 22 8539
06 16 6175
09 08 3894
01 03 4784
04 22 8799
07 06 6856
04 05 3228
02 22 4497
09 09 8669
01 25 6775
02 06 6913
08 13 3663
11 30 6276
11 19 7172
07 09 2193
11 01 7925
02 15 7438
12 29 9422
12 22 1830
03 27 6760
01 02 7262
02 18 1459
05 08 5094
01 28 9181
01 04 1285
07 31 8496
11 07 5185
03 15 4909
10 20 6628
10 17 2174
01 20 3083
08 30 4566
09 01 3044
04 08 1372
12 01 3133
09 07 7142
06 12 5261
09 24 9352
10 23 6609
01 24 5408
08 23 8617
12 02 8683
04 28 5046
10 22 7335
04 05 1679
10 03 7532
02 27 4205
04 07 9716
05 04 1332
06 09 7363
03 11 2296
11 11 8212
03 22 1705
12 12 3905
07 19 7351
01 15 6921
02 22 9284
03 10 2417
09 09 5565
12 24 5234
07 30 8620
10 02 1755
06 20 4893
12 11 9347
04 30 8217
06 15 6618
05 23 3303
11 14 6124
02 22 3455
05 05 3519
12 10 3747
12 24 7299
11 29 4712
06 22 5573
08 24 1182
10 12 2048
03 18 8352
12 12 5046
06 02 1875
05 07 7897
12 04 6746
06 10 5875
01 10 7643
12 07 6704
11 21 4142
11 24 7869
07 21 2760
09 28 5051
09 27 4916
01 24 5271
11 01 3916
10 26 2844
06 21 6585
12 24 6569
09 03 2848
04 28 9217
03 11 8845
02 24 5054
03 08 2084
11 24 6976
08 22 4916
08 01 9564
06 18 2716
09 06 6802
06 16 5601
02 23 7130
10 23 9081
06 20 6268
04 03 8625
12 21 9875
11 07 4916
01 16 9382
09 09 6140
08 08 3457
10 07 4701
01 20 9914
06 26 9645
02 15 4720
03 22 8749
12 26 4089
07 29 6078
06 17 3798
04 06 7997
11 10 9466
07 07 2351
06 14 2990
11 03 5427
03 15 5837
07 15 4344
01 28 6006
12 04 2655
10 06 4911
08 22 8051
03 28 6938
05 06 6382
11 28 9242
09 14 9490
02 09 4266
06 10 7214
03 29 3479
03 24 7884
03 18 1663
04 07 4671
11 13 9397
01 06 1710
05 22 7015
05 07 2229
01 11 8474
08 03 5287
09 14 6194
05 31 5735
08 23 1871
12 02 9865
04 30 2473
08 15 4736
06 01 8611
11 20 9453
07 15 8273
12 18 4969
09 14 9587
12 23 6047
03 16 9995
09 14 6619
07 18 7641
02 22 3456
04 09 3139
04 29 7859
09 28 6446
12 17 6481
06 30 6690
10 18 8747
08 10 1269
07 02 7942
01 03 7898
01 05 1634
10 15 5845
03 18 4808
09 23 6999
01 09 6971
04 27 8620
02 07 2575
11 29 6308
06 10 5703
03 01 8479
06 13 5041
04 05 8197
08 31 4346
05 18 6779
06 28 9640
02 02 6039
05 17 6315
11 16 1053
05 29 9737
12 31 2997
12 15 9182
03 25 6151
03 14 7477
09 14 5744
08 11 6210
01 06 1800
08 29 1175
10 04 1734
08 22 7780
04 12 2669
05 19 9670
10 26 4513
10 04 8216
07 25 6933
05 31 9592
08 21 8790
12 24 1950
09 21 4093
02 11 9150
11 26 8527
07 08 6036
01 27 9430
09 27 4755
11 03 8249
11 20 5685
05 06 5929
08 26 1625
10 11 9998
02 21 3700
11 28 2777
04 01 6428
01 29 6955
02 04 5575
02 07 1726
06 03 8029
05 09 5711
02 03 6409
03 28 1558
02 02 1518
10 27 5425
12 22 8832
03 02 6744
03 26 8877
06 15 7742
04 25 8764
02 22 5036
07 22 4944
09 16 3331
10 06 8022
09 19 4288
07 03 2718
01 13 1181
04 05 8600
09 18 3106
10 03 9520
01 04 4487
09 07 8870
07 24 5192
03 24 7092
03 07 3932
12 19 4901
03 16 9249
10 11 4404
09 26 6537
08 02 8728
02 09 8224
08 14 2661
08 13 7911
11 07 3543
08 28 8399
01 18 9894
12 16 7809
04 10 4581
03 25 2429
03 14 3432
11 16 6223
06 16 2832
01 06 6822
06 23 6620
03 04 3020
04 10 3674
11 26 1661
09 07 6248
09 15 7135
10 08 5069
01 04 4433
09 17 8430
10 10 4789
09 12 3136
07 09 4831
12 09 6946
05 30 9925
11 06 3627
10 23 9155
01 19 8501
12 15 4151
03 21 6197
11 10 2608
05 15 2870
03 20 9928
01 06 5272
08 07 8234
01 22 7474
07 11 1524
09 13 9851
04 05 9620
07 11 2651
02 04 3354
05 17 5696
08 10 2618
07 16 1668
09 13 7840
06 11 9073
10 21 4376
06 25 3408
02 07 9701
11 26 9511
07 27 5821
01 08 9635
04 11 7759
11 28 1953
05 07 3458
08 04 5814
03 17 5840
03 25 8165
01 02 9871
06 19 1639
11 03 5202
09 18 9337
10 22 3719
03 11 4668
05 21 1097
08 09 2530
11 04 4263
07 30 3816
03 16 3625
12 08 7847
02 10 5513
11 23 2914
04 17 7896
05 15 6125
11 13 1033
06 04 3079
11 28 9746
05 16 1369
11 29 8206
12 09 9257
08 26 6808
05 30 3217
01 23 3339
09 04 1059
04 18 7668
05 16 8385
02 15 6499
02 13 8803
12 25 7050
01 11 9270
07 19 1204
02 01 9612
02 03 5605
05 10 5728
09 10 9302
01 25 6396
03 26 8794
08 14 5485
10 08 8287
11 27 7705
02 03 7652
10 09 6644
10 07 6190
03 14 1554
04 13 8830
06 05 7399
11 20 2827
09 20 7704
12 12 8302
01 26 3241
06 16 6687
10 24 8184
03 12 4419
01 03 7783
02 13 7155
07 06 3373
03 10 1658
11 14 9702
05 18 9905
02 14 9501
10 01 6418
01 16 4312
05 28 2397
10 05 6114
02 24 8545
03 06 3849
03 06 7284
06 18 1791
05 13 2986
02 02 9743
05 31 7257
05 01 9254
12 24 9960
06 06 7925
03 18 6463
04 17 3975
02 12 6457
02 16 7576
06 23 4030
09 29 1407
08 28 1566
04 05 2699
11 30 3519
11 27 2102
04 12 3197
04 11 7441
03 01 9212
09 24 8219
03 10 8189
03 27 1246
04 17 4117
10 29 7225
08 29 6524
06 19 5670
04 01 3364
08 17 9032
01 31 7488
07 13 8003
04 08 7300
11 13 2299
08 29 1013
04 08 9805
01 06 4093
05 15 9251
01 08 2286
08 02 4966
04 14 2957
08 08 6037
12 16 9758
07 31 9014
04 16 1316
08 08 2476
10 02 6227
10 14 1134
09 22 9216
11 22 6884
06 04 5424
07 23 8638
05 18 7165
12 27 8680
02 23 6733
06 26 3539
06 04 7282
08 07 8534
12 19 9150
07 07 6371
11 02 7189
09 08 7973
02 15 7440
09 18 4492
09 19 2467
01 30 7644
03 28 3637
09 08 5775
11 01 6730
09 09 5753
08 11 2577
08 26 9876
05 28 1452
06 01 5681
05 26 8995
03 26 3135
08 03 8618
12 23 8285
09 18 7989
03 12 9614
09 04 4007
03 24 6056
10 13 6165
09 19 2870
02 12 3560
04 23 5000
11 10 5730
03 12 9647
08 31 1711
12 22 3971
07 30 7002
09 17 1988
10 16 2873
06 25 2052
06 20 3460
12 11 4042
04 28 5416
01 31 5639
03 17 5332
12 05 3310
05 08 1435
02 12 9935
11 06 7062
06 30 2083
07 30 8474
03 29 7807
07 11 4566
12 30 2448
12 28 4002
04 11 7200
08 28 4204
05 31 2442
09 05 1990
08 17 5737
08 26 4687
09 24 3761
07 10 7272
08 09 3559
06 03 4778
09 23 6793
01 07 7600
03 01 1074
04 08 4696
08 16 5782
07 09 3327
06 01 3925
01 19 6420
06 06 5478
10 26 5560
04 06 1256
09 06 6825
03 26 6834
09 16 9359
02 20 1186
10 16 7574
11 20 5071
03 24 7129
03 07 4402
03 18 2109
07 02 2814
09 12 4786
11 06 1738
06 06 3767
02 24 7946
03 03 9529
09 09 1829
08 25 9124
07 09 5394
07 01 1180
06 22 9090
05 19 4086
03 05 9218
08 16 5990
12 01 5624
10 28 5982
03 25 3096
08 27 4618
05 14 1075
04 20 8017
04 24 6648
07 05 9630
09 24 2938
04 16 2888
10 02 5986
04 05 1346
02 08 1456
03 15 2122
10 23 3366
09 05 7194
02 07 1919
04 14 9859
04 20 1968
09 15 9907
03 20 6978
06 23 2241
05 07 3536
09 14 3911
01 24 3459
07 03 7399
05 24 5895
09 02 2109
08 13 1157
01 13 7173
03 18 3296
01 20 7981
06 18 5153
09 20 3228
06 06 6996
05 14 1462
05 22 9342
03 20 2030
10 06 8597
01 27 3443
07 19 2166
09 07 8382
01 03 9334
06 27 3992
11 04 7849
06 18 7719
09 09 5777
12 05 7457
10 15 5904
03 18 2250
11 23 2284
09 30 7548
01 02 6220
09 10 4250
01 22 2000
10 14 4244
12 15 4666
11 25 3383
03 06 6260
10 24 6003
02 11 2872
07 06 7813
05 21 2892
09 14 9195
03 30 8690
07 27 5149
08 10 8169
06 22 4972
08 16 2710
11 14 7835
02 20 3994
06 12 5933
10 15 9275
05 31 5548
02 07 8324
05 10 9951
10 26 8478
02 22 3452
10 15 2881
06 03 5307
12 01 7874
03 22 2769
04 16 6796
01 06 3002
05 27 7893
05 29 3111
04 28 5057
01 08 9606
08 05 3344
05 08 1320
05 14 2439
05 23 7364
07 14 7868
08 01 6235
08 16 7978
02 24 9494
07 06 7770
10 04 3783
05 12 8064
10 23 8651
01 13 7344
07 31 6162
09 18 3806
09 14 8427
09 19 1517
09 15 1546
11 26 6491
07 30 7495
02 25 9551
08 28 1804
10 12 7760
09 23 8567
03 04 1443
03 14 7065
09 09 8465
03 01 3793
11 14 5714
09 26 7722
01 21 4153
06 01 2452
01 09 4435
02 04 1489
07 21 6665
06 01 2934
05 06 8519
12 31 9571
09 22 1493
04 01 7939
01 28 2686
01 01 6724
05 14 9285
02 22 1639
02 07 8869
01 07 3110
02 12 3222
03 24 6170
09 20 8379
06 01 7254
08 17 5913
12 09 3316
08 23 1729
01 15 5230
08 06 8988
06 26 4590
09 01 9705
04 07 7297
08 26 8699
11 05 7050
08 23 4100
06 27 8696
08 04 1514
10 20 8263
06 08 7362
02 11 7123
01 08 8037
01 09 6624
07 20 8416
10 31 7554
09 23 2457
10 10 9006
10 08 3986
09 13 8600
10 20 8235
05 03 2207
08 20 5904
05 19 6403
12 11 3830
06 10 5100
02 13 1148
05 29 9301
10 15 4916
11 10 2591
05 17 9712
01 16 9978
07 26 6871
09 17 3591
07 03 6856
07 16 9742
02 26 2121
07 19 7122
02 18 9823
05 26 9747
03 10 6444
10 07 4443
05 11 4727
11 18 6573
12 21 7349
12 19 3701
10 25 1084
04 22 4467
11 19 4332
09 20 4051
07 06 9235
09 15 9801
08 30 8011
03 04 3502
10 20 2854
04 21 3906
05 25 2037
12 20 3880
01 17 9724
10 19 7368
05 09 7034
03 03 9285
02 28 9092
10 23 3167
09 16 6932
08 24 3245
09 08 4079
08 08 9652
09 28 8588
08 12 5452
02 05 7923
11 05 7329
02 03 6874
12 13 2479
12 06 1248
04 07 2732
04 04 9173
12 29 6218
09 24 4958
02 02 8342
02 16 5635
07 01 9021
02 27 9013
07 20 1464
12 01 6546
05 19 2541
03 28 4933
09 01 7380
06 14 6749
06 16 5168
04 19 7688
02 19 8722
10 28 5210
04 23 1709
12 10 7451
11 02 7101
04 26 6647
11 28 9514
02 13 2662
02 18 4353
11 29 8457
10 12 4696
04 13 2865
04 07 8515
05 29 6166
02 09 6334
09 15 7947
03 28 8693
07 24 7190
02 12 2696
12 25 1599
03 20 4403
12 09 6801
09 12 5421
04 23 4165
06 02 6696
02 06 5003
01 18 4460
11 27 6458
09 05 8497
01 09 5294
04 25 2147
11 13 6618
09 11 7014
09 19 4255
08 17 9329
09 20 1702
10 07 8852
01 30 2436
02 24 5748
03 22 3385
03 31 8603
09 04 6106
05 28 5090
09 03 7948
11 06 6140
02 12 8158
07 13 9104
07 30 2598
08 26 9674
02 23 7767
06 16 9059
05 26 2172
06 15 2774
04 06 9293
06 19 9527
11 25 7311
03 31 7056
11 04 9419
05 23 2005
06 12 8376
05 04 9099
09 02 3597
07 23 3300
02 17 8651
12 04 8318
10 25 9554
05 15 2822
03 22 9689
10 22 9079
09 01 7898
08 04 5013
03 01 9146
07 02 9197
09 26 5705
03 22 3077
11 01 9965
07 27 1182
01 23 4466
08 28 9917
11 13 9408
05 22 8178
10 10 1795
10 21 4816
09 06 8164
07 11 7415
09 06 7966
03 04 8846
08 21 1594
07 02 6286
01 05 7596
10 03 2278
08 08 2054
03 02 8709
05 31 5602
04 01 5438
03 08 6303
09 16 5423
12 12 9022
09 19 2386
07 13 5034
03 31 1099
10 31 2297
08 06 5688
06 28 2833
04 12 2817
02 27 7228
12 06 1169
11 02 8113
05 04 9399
04 09 9033
11 01 6084
12 09 9964
05 18 8415
02 24 1764
09 27 6493
11 16 1356
09 24 5333
01 08 3681
03 29 8836
12 13 9683
08 23 6289
02 09 2250
11 23 1735
03 14 9309
11 30 3294
02 17 3951
06 22 4973
05 10 2530
08 17 8377
05 25 2308
10 16 8295
08 05 7232
03 29 6213
01 15 7304
04 16 3301
12 30 8461
01 04 9143
12 09 4726
12 02 2074
08 12 1151
04 06 7216
01 29 4931
03 03 5501
09 08 9421
06 09 2969
09 16 9097
06 05 8314
05 01 8044
03 26 3019
12 23 9163
06 02 9867
11 22 3030
09 09 3358
08 16 1399
08 03 8428
12 11 7693
08 01 4269
01 26 8908
09 02 2448
12 12 6046
05 23 5276
04 09 5254
03 25 5709
04 03 3001
10 12 3282
04 02 3979
03 04 4616
06 18 1542
06 30 5203
12 07 4847
01 19 5063
09 20 3808
03 22 5860
06 08 1408
01 09 5302
07 03 5945
05 29 6710
04 17 1732
06 07 6138
03 28 3513
11 22 2153
12 19 3116
02 04 4433
06 22 2367
08 27 4656
09 22 2010
09 01 3499
10 07 2028
09 22 5767
03 21 7531
09 16 9312
07 27 1887
07 02 6310
11 09 2600
01 03 7728
09 19 4873
07 09 4543
08 26 5010
09 03 7974
03 11 1717
11 11 5978
05 05 2600
05 10 4587
03 29 2446
08 08 1742
08 28 3189
04 01 8758
09 02 7398
10 17 2967
03 17 4950
09 21 5636
06 01 7759
08 03 4553
10 03 3587
03 02 3619
08 04 9463
05 25 1947
06 25 2890
09 22 3930
07 30 8191
07 20 8142
11 18 6098
08 10 2946
11 03 5230
12 24 9049
01 03 1939
05 10 1705
01 11 4048
05 22 7689
09 26 3203
11 23 3883
11 05 5636
10 26 3258
03 03 4377
04 15 9156
09 09 2965
02 03 1101
04 19 9025
01 13 8428
07 03 5283
01 09 8941
01 14 2457
03 10 5728
12 30 3456
09 04 1366
07 15 8574
03 09 2813
05 28 4127
05 05 1574
11 11 1831
11 12 1535
07 07 3146
05 10 7734
02 14 2785
09 29 9939
11 02 9453
04 14 1992
11 24 8923
01 28 5798
12 02 6483
11 11 4188
03 15 3216
12 22 4852
05 28 3078
12 01 5745
03 26 8219
11 08 8449
02 05 8964
08 09 1882
02 04 3496
09 02 7562
02 18 4935
08 20 8374
07 17 2716
01 15 2265
05 04 9182
08 06 9523
12 11 1891
11 27 3673
08 29 6459
09 20 2686
09 19 4006
03 12 3203
08 17 3230
11 08 6879
08 30 7587
04 04 2615
03 04 8455
01 19 6354
06 16 4723
09 20 1783
02 06 8244
06 08 7858
02 06 1548
11 08 5487
09 11 4340
08 10 9410
01 05 4338
03 24 5690
08 21 2150
12 24 4874
05 13 5057
09 02 7755
08 13 3956
07 27 3466
12 29 8529
04 01 2960
02 08 1892
02 18 2438
09 21 6281
06 14 2333
11 27 6354
04 24 4725
11 06 5606
03 16 1398
08 31 9686
07 16 8169
11 18 1493
01 27 4811
03 01 3217
05 01 3109
05 27 6728
11 15 5106
03 08 9101
04 19 4692
03 16 4776
10 10 7824
02 09 6853
05 07 6093
11 07 4882
06 22 7268
05 07 5999
06 26 9100
11 12 8337
01 08 7840
09 25 8913
11 29 6040
06 26 6865
05 10 8571
06 04 3632
05 27 4948
04 21 3776
04 19 6878
01 22 3254
06 30 8145
10 12 6741
10 24 9900
08 26 1448
07 31 1961
12 23 5912
06 28 1900
08 09 1623
09 01 6285
11 17 5508
07 25 2194
11 21 1376
10 02 3926
12 09 5040
07 05 3919
04 26 9071
01 27 3361
05 17 3956
08 03 5605
01 15 7661
10 07 9446
10 16 9695
10 23 5050
11 05 9271
12 15 3960
08 22 5945
12 17 5335
03 14 8521
08 20 1521
01 17 2311
10 11 3048
08 28 3152
01 14 8402
03 08 8578
07 04 2804
01 20 2174
11 18 1143
09 09 1350
06 13 6070
09 22 2520
04 12 3501
04 11 3016
11 20 7015
01 04 6036
03 03 1368
11 29 2785
06 18 5689
06 03 8591
07 19 1613
07 24 2890
03 02 9277
09 13 8125
07 17 5551
02 26 8013
12 19 7409
05 13 7590
07 30 1801
09 01 2568
06 05 4649
11 06 1964
11 18 8698
01 15 5586
03 01 3207
03 08 8845
07 21 1176
03 22 3739
02 16 8759
05 14 5532
09 09 6139
02 26 1330
03 24 6849
02 05 9037
10 23 6762
07 11 8044
05 19 2879
08 13 3043
04 23 7968
06 21 4744
01 20 5000
04 27 2534
09 02 9432
12 02 1754
05 10 3384
10 27 2621
01 31 3940
06 20 7750
05 31 3393
09 03 6959
03 14 9759
08 23 5697
07 25 4002
09 29 9130
08 02 5793
02 05 3178
01 09 7558
01 01 3436
10 28 7854
09 23 4938
09 17 9472
07 13 1732
07 11 8175
07 15 2571
10 20 4881
07 20 8150
11 10 6503
10 10 6933
10 19 3501
04 16 7951
10 15 8643
03 24 6179
11 29 8004
04 02 8173
09 08 7190
10 18 2135
01 14 2171
11 28 8285
08 22 4415
08 10 6239
06 12 5823
05 15 9693
03 02 7826
05 29 8287
11 07 4163
02 17 1667
09 07 2842
02 07 7903
02 21 3601
08 31 8088
08 05 4258
06 13 3884
06 16 2443
07 15 6314
10 03 3783
11 20 9408
02 17 2955
12 18 6496
12 28 8874
12 14 8524
12 04 8307
07 04 6751
10 13 4346
11 15 2364
08 02 8731
12 23 4812
01 07 2904
11 06 3146
10 25 4897
03 03 4067
04 12 6684
05 22 1240
05 31 8022
07 02 9268
04 12 2203
12 11 6368
06 21 1604
12 14 4683
01 10 2801
02 09 5429
05 29 3853
11 30 7026
03 02 4625
04 07 4415
12 28 2970
02 11 1176
01 22 2570
03 27 6474
03 17 8279
03 12 5438
04 22 3292
06 08 1366
03 17 4991
12 25 9966
12 22 2397
07 30 2325
11 07 9925
07 29 3910
09 16 9340
04 18 8701
03 08 7956
03 09 7888
11 16 1250
10 26 9736
02 18 5215
10 05 2514
02 11 2965
02 23 2374
01 14 1192
06 05 7956
02 03 1994
06 26 5139
08 26 4809
05 21 9789
09 14 3837
10 20 3898
05 31 3385
11 01 3864
11 12 1222
06 15 5617
07 20 1006
01 08 5384
07 06 4223
06 25 3174
07 30 1325
03 11 1003
10 12 9048
11 12 8829
05 05 1135
09 13 4464
06 11 5367
10 11 1030
06 22 1245
03 07 3050
09 12 7549
10 15 7987
06 20 9179
10 25 4056
04 04 3982
07 10 1725
05 18 4117
05 17 5417
08 29 1809
08 23 3240
12 10 2155
05 15 7738
08 21 2902
11 12 3871
08 16 6556
04 28 4104
03 24 4767
09 03 5081
08 17 4012
12 06 3347
12 09 5230
12 05 4532
10 28 5211
04 10 3745
08 01 6312
08 21 9617
01 20 2052
12 28 4633
07 24 7559
10 19 6451
12 11 2787
08 04 1898
12 23 6330
05 11 8825
03 09 2145
08 02 9003
12 17 1084
07 18 2659
06 28 7074
12 29 9865
08 18 4650
07 21 2130
12 01 8235
06 28 4800
09 24 9678
01 29 4935
06 02 7629
08 30 1585
05 11 5087
02 10 4927
05 21 1921
06 11 1766
10 19 7265
07 30 4852
05 19 6997
12 30 8399
12 06 3034
10 26 6895
10 14 9100
07 08 6617
01 02 9057
06 22 1385
07 15 5602
05 17 3726
11 13 9297
11 05 6210
01 03 9949
07 11 2887
08 14 3478
05 30 6312
05 16 3699
12 12 6939
03 20 3134
09 03 5007
05 13 8762
08 30 5480
01 08 5857
04 17 3898
08 05 5024
07 13 9994
09 18 6678
10 23 6710
12 28 6384
09 18 1569
11 14 4207
01 17 5577
06 17 9026
01 05 7593
04 21 7213
06 09 4069
11 16 7271
08 09 5786
01 15 1663
02 10 9625
11 14 7820
03 18 8935
01 15 4991
04 15 3022
04 22 6436
10 03 9859
05 24 2415
08 16 2049
11 02 6247
02 22 1343
05 04 7538
05 13 3731
12 02 2784
04 28 5108
01 21 6197
11 09 2169
05 03 4679
11 09 9302
06 26 9659
04 24 6401
06 13 6601
08 06 6485
03 08 6659
11 30 5638
08 26 3450
02 23 7723
09 10 9579
03 29 3732
06 16 2221
10 14 9058
03 08 9205
11 19 3859
10 31 9061
05 08 8448
04 08 5925
02 04 5118
08 30 9109
07 22 8123
09 02 5109
01 08 9045
09 20 6531
02 06 2313
08 03 3498
05 04 4940
10 09 8893
12 07 9346
04 28 2993
12 15 7404
01 17 8547
06 22 8295
09 30 4036
02 13 7566
04 27 3101
03 30 2616
07 08 4985
02 19 8164
07 13 6285
02 14 6548
01 26 5413
09 17 7905
03 12 9600
05 03 1525
05 24 6133
08 22 7432
12 16 9047
07 02 2362
02 02 7974
07 22 8628
01 30 6028
05 25 9630
10 12 7899
01 24 3118
11 30 2096
03 28 2344
08 31 1958
04 18 4409
04 30 1698
11 27 1935
04 16 2816
09 09 1395
02 28 5339
12 29 1361
10 20 2210
04 26 9788
07 28 7767
09 19 3249
03 09 6607
02 22 2430
10 30 3719
06 07 9040
09 02 9620
11 23 2521
06 13 1648
06 21 5332
04 02 9379
10 14 9369
07 01 8476
01 02 2863
11 25 6005
02 08 7506
11 23 1966
01 15 7017
09 09 7673
10 30 7807
04 16 6661
10 28 3158
08 21 1367
11 22 8661
06 20 3530
04 25 4707
03 06 2484
08 20 9217
01 19 8521
05 29 8523
01 14 1738
09 03 8341
11 11 1111
05 06 5919
03 03 3543
06 15 2071
07 18 8668
08 16 9477
08 12 2056
05 21 7161
08 12 9031
01 19 5805
05 15 1459
05 17 7643
09 30 3144
12 24 3382
11 02 2769
01 14 3328
11 02 3810
01 06 3800
07 31 6528
06 07 7705
09 02 8794
06 17 7927
12 07 6128
12 09 4834
04 21 7410
03 23 4828
08 21 3298
10 08 8619
02 14 6558
07 06 9723
02 26 4345
02 12 5116
04 22 8806
12 27 5730
08 18 5200
11 29 4535
05 07 2586
06 23 2792
09 11 1095
08 12 1046
03 01 8928
06 23 5830
02 20 8827
12 23 9691
12 19 7309
04 22 4004
08 05 2032
06 24 8346
04 06 8209
08 14 1810
01 01 9692
03 20 8039
08 15 4849
12 21 6743
06 14 2296
04 01 4791
11 01 1261
05 29 1309
07 26 9520
10 05 3669
12 25 5408
06 24 7354
08 29 1186
02 21 3798
04 26 9453
05 04 1916
11 19 1417
08 28 6786
09 24 5522
03 24 7169
06 23 4459
10 09 4271
04 20 4375
09 30 1480
10 30 2483
10 06 8187
02 08 7316
02 05 3131
11 26 3961
05 05 5782
02 13 9476
09 05 8888
01 01 7689
12 20 6501
10 28 7147
05 17 9342
03 10 7527
11 14 1480
03 30 3377
08 21 8753
09 02 2099
11 05 1650
04 18 1271
03 15 1051
11 09 5351
05 04 7288
07 17 6616
03 29 6658
04 24 8758
03 04 5265
04 05 4429
08 20 7888
12 22 4287
03 28 8291
11 09 6847
11 04 4890
07 11 7823
04 12 4055
02 09 7467
08 24 9384
04 01 2763
01 20 2383
11 17 9742
11 01 3821
11 18 5756
05 25 3333
12 28 9408
10 19 8075
06 28 6273
04 16 8549
07 06 1129
04 21 9362
03 24 4654
10 30 1197
03 15 9580
04 13 9716
02 19 5633
01 26 8376
07 02 4095
10 11 2148
05 20 2050
11 20 7094
09 22 9716
12 25 2425
10 30 4459
12 23 7663
08 20 3104
06 26 6391
02 22 9746
10 04 4743
11 30 6139
10 28 1772
09 19 4568
10 13 2218
03 12 4357
05 05 2538
11 24 1509
01 25 4651
04 02 8437
04 27 6130
05 08 4236
07 28 3209
03 03 8933
01 24 6188
11 09 7702
11 30 9698
12 27 6248
10 23 5811
08 21 3534
01 14 9672
04 07 1449
10 09 7909
10 01 1178
01 26 7532
09 28 6063
01 13 2797
09 27 4172
10 18 7030
12 21 5274
09 14 1882
12 25 4008
09 20 6738
12 20 1155
06 28 9090
09 30 2566
01 10 9728
12 01 5539
08 03 9543
11 15 9864
03 29 1031
02 20 1051
03 08 3001
08 28 4062
02 04 6344
03 12 2467
09 28 6637
01 28 3140
04 30 8932
11 07 6164
09 26 4886
04 05 7527
05 08 9775
12 07 9781
10 20 6355
06 26 7129
04 21 5679
12 09 4473
10 26 4158
11 04 1758
03 31 3357
06 11 4197
03 30 4464
12 25 5826
02 10 7336
04 09 6403
12 31 2589
12 08 8391
12 02 8027
09 02 5276
10 26 7614
10 09 9198
08 15 2340
08 03 1267
08 10 9213
02 05 1288
01 13 2874
11 30 8128
08 17 8221
03 08 2970
03 17 3966
02 22 8934
08 08 4365
11 30 2568
04 29 9700
11 11 6753
06 14 5607
01 25 3277
04 23 4437
05 18 6584
06 18 9647
02 27 9760
08 29 6422
01 15 6009
08 12 4311
04 16 6735
12 10 9658
07 09 7709
07 24 6877
10 05 4760
07 06 2450
03 01 3478
02 11 3736
08 10 6772
11 21 2813
01 18 5732
12 08 9294
02 11 9546
06 09 8369
04 28 5751
04 24 4561
08 27 6283
05 02 2296
03 09 9882
02 17 5580
03 26 2855
11 15 3554
09 11 1874
07 20 5564
01 22 3933
05 30 3712
08 03 7222
09 09 3483
11 18 9258
03 27 7552
01 29 7983
04 18 2803
11 24 5687
09 14 2925
12 09 1956
06 22 6081
07 01 8354
09 05 3355
04 05 2380
08 15 5296
11 26 7393
10 22 2391
01 04 6406
01 31 7991
06 11 7006
04 26 2907
07 25 4571
09 17 2639
07 02 4485
02 22 4243
10 03 4292
12 30 2058
06 07 7838
09 08 7457
12 16 5018
05 19 2211
06 24 6131
07 24 4870
06 15 8214
09 05 7314
07 30 5438
10 27 4607
02 04 3620
11 28 3902
03 14 6412
05 21 7969
02 16 2452
01 12 5258
10 01 8960
11 14 2172
10 16 3191
10 08 7521
07 18 2334
02 27 3295
06 08 5493
05 26 6751
01 10 2075
04 03 2193
05 09 4438
10 07 6304
08 31 6778
06 07 4594
04 22 2901
08 11 6051
12 31 5483
03 18 9722
05 20 6202
10 13 3189
02 11 6676
02 20 8446
11 20 7439
06 12 3811
03 19 4417
08 04 2223
07 24 7984
10 13 7781
08 15 8018
01 16 8006
10 12 1551
12 04 4053
05 18 9850
02 07 3701
03 02 4995
02 21 1171
08 12 5501
05 22 8861
08 30 5627
04 29 9432
04 28 2348
03 11 4915
03 30 4278
05 03 2023
09 29 4891
12 24 5497
07 05 4650
04 11 5321
06 29 4781
06 06 4277
08 18 2617
03 01 9610
05 24 3427
01 31 5097
02 23 8142
02 07 6517
05 26 1316
01 22 5295
08 20 4293
03 04 6701
09 20 6848
09 22 7652
01 25 7526
03 29 8606
01 09 7421
11 07 6664
10 13 5906
03 03 9474
01 16 1847
06 26 6619
04 03 2303
02 16 3285
11 17 3804
06 10 5358
11 15 3810
10 20 9882
02 03 3056
01 19 4607
05 30 7672
04 13 3178
11 20 7507
05 11 8338
08 24 9898
11 30 9122
10 13 7850
09 15 4812
06 27 3488
06 24 5943
05 07 6584
01 15 5717
07 30 9758
01 26 1138
01 06 9582
09 13 4196
04 18 2685
09 18 9715
11 21 9081
04 12 4505
10 10 6463
11 08 1325
12 23 6044
05 03 7627
04 22 5558
10 28 5169
01 27 9254
06 04 8270
10 24 7510
09 17 1843
07 02 5240
07 26 3473
12 08 4543
08 27 6759
03 18 9233
10 25 1336
08 06 3655
03 31 7222
09 10 5799
03 29 5361
12 15 8371
01 18 7914
04 07 2568
12 10 7366
06 24 8671
07 24 9164
12 17 3594
02 07 6112
02 14 2743
07 04 8240
05 24 8381
03 22 6438
06 28 6289
07 31 4719
06 30 6394
10 31 7050
07 05 9906
03 26 2022
01 19 4041
12 19 9970
08 19 3822
10 15 2244
12 09 4625
05 22 9188
01 01 6774
03 17 8565
01 13 2588
02 11 1094
08 11 7245
05 03 6826
08 22 1569
06 09 8009
09 10 3471
07 02 2165
03 06 1344
09 20 8342
09 19 4745
07 25 6072
08 27 1556
03 27 8833
10 24 1444
06 12 6769
10 05 7406
09 07 6748
04 27 2986
11 02 6443
08 31 1001
02 25 9989
09 27 2520
08 17 1590
01 22 5986
04 27 8711
02 16 9623
05 11 1552
12 07 2336
07 17 2279
08 29 8557
11 16 6244
08 25 9769
04 17 7247
06 28 1805
10 01 8080
05 27 1177
12 18 8468
08 28 7561
06 10 5191
05 13 5779
03 05 3457
02 16 3702
11 24 1254
10 10 7290
01 25 8769
08 26 7428
04 01 3522
03 06 5407
11 07 1339
06 28 2291
01 15 7021
05 11 9186
07 12 5567
07 24 9664
09 13 4390
10 15 9588
06 13 8295
06 29 8938
08 26 7367
06 28 1420
08 11 5854
04 27 6759
09 06 6629
10 04 9303
05 09 9920
10 05 9521
12 20 1430
09 10 6914
07 20 8102
09 14 8067
11 13 6340
01 22 8865
10 21 6966
04 09 7111
10 07 9332
01 26 1876
01 12 1570
12 08 2351
01 14 6510
07 19 7685
02 02 6539
02 15 3473
03 12 5898
11 28 4154
10 22 6256
12 26 1376
09 13 4938
07 13 4471
04 24 5930
04 06 1906
06 05 7676
03 30 3078
11 01 3990
05 14 5171
03 15 5015
02 20 9052
05 11 9652
12 26 8160
07 24 7932
03 10 5128
03 15 9387
06 03 1871
06 14 6161
02 28 4284
02 14 5560
12 18 8478
03 31 5532
01 02 4004
09 30 9653
01 30 9259
03 15 4949
05 02 9733
06 12 8141
11 03 4989
12 27 6884
09 06 9911
02 20 8460
11 22 5399
08 08 4216
06 19 5086
04 10 9348
10 14 1985
08 01 8352
12 12 5140
05 26 6381
02 24 2996
09 13 2699
01 01 4484
05 19 3571
05 15 9842
05 09 4822
05 11 1274
12 20 4613
12 07 2375
10 10 3002
06 10 8239
05 24 3604
11 04 9587
04 19 9314
07 19 6581
04 18 3964
08 27 1204
10 23 5914
02 11 1617
03 30 2713
10 04 3381
12 05 7844
10 05 2430
06 22 9345
11 03 7368
11 12 6397
09 09 1651
08 15 2166
03 09 8428
08 25 9913
09 05 2801
11 26 7231
01 30 3603
08 25 8763
11 16 2172
06 21 9818
06 19 7071
12 13 6329
01 04 3199
11 26 2841
04 04 3803
05 14 8854
05 29 2519
09 11 7617
11 08 3084
05 19 8251
10 15 5581
04 13 7999
01 11 1116
02 22 1251
06 15 1613
03 04 5140
03 19 3431
08 01 1638
06 08 2072
03 08 7921
08 21 6238
10 25 8817
03 21 3359
01 28 1496
05 30 7988
06 05 4517
04 23 9594
12 02 9397
08 25 7515
05 11 8107
08 11 9565
12 30 4222
12 17 2006
05 06 2743
10 21 6692
03 03 5113
03 05 1761
09 27 4451
12 24 5828
06 17 4019
11 12 2320
03 27 1154
02 23 4154
06 03 6074
05 15 3923
09 30 8735
03 10 2091
06 30 4427
04 30 3560
12 16 6312
05 24 6246
11 29 8371
11 25 8968
08 08 3192
12 26 2820
03 09 9807
06 18 5883
04 20 2223
03 01 8624
10 08 5781
02 27 7656
08 26 3733
08 16 8992
05 21 3227
08 02 1992
02 10 9726
01 26 1266
06 20 8903
07 14 7047
03 25 4612
01 06 3357
06 21 2109
11 08 1438
11 25 7453
01 25 9981
09 25 6839
04 03 8920
09 06 7479
11 02 7655
12 22 2747
08 03 1480
01 27 7539
03 08 5334
01 04 7637
05 14 9456
10 23 6097
07 10 5759
12 29 5040
06 23 5016
09 25 5488
07 03 5046
08 18 7976
01 22 4848
01 23 7281
11 08 5925
04 08 5062
03 24 8335
03 13 2882
10 27 5208
07 20 5823
11 27 7703
10 23 8845
06 24 4605
09 04 7311
02 21 9710
02 13 6822
04 30 7873
10 26 1052
10 10 9391
11 07 1596
04 21 3524
01 01 2745
09 11 2095
10 19 2306
07 10 9851
07 04 3245
06 28 5717
04 08 1680
11 12 8969
04 07 4971
05 12 5430
05 11 3924
03 28 8794
01 03 5158
02 20 7554
06 28 4812
01 21 7491
11 06 5173
07 11 7326
02 23 7569
05 10 3870
05 21 8583
05 06 5326
03 23 8185
04 22 4456
02 13 5653
10 26 7133
06 17 7059
03 19 6630
06 06 2594
12 10 2479
05 22 5103
09 20 7171
10 01 6084
10 10 9655
09 02 8859
03 23 7867
10 09 3389
06 14 1321
05 20 3640
03 05 7506
12 16 7819
12 22 6030
01 18 7297
08 24 1559
02 20 6230
07 25 6875
12 21 5842
04 20 3229
12 21 4890
05 06 8522
10 19 1966
11 04 7205
01 25 8197
06 12 8627
12 10 3296
09 01 9499
11 03 4512
07 21 1259
02 12 6214
06 14 7144
03 27 1740
08 07 1303
10 12 2086
10 30 5207
08 05 5243
01 17 4154
06 29 6890
04 18 5671
01 29 3263
09 18 9070
12 26 2444
04 07 4135
06 05 7113
05 23 8539
03 08 8784
07 04 5023
10 04 3217
04 09 7794
08 30 4627
10 26 2107
07 29 4356
02 11 4266
02 08 2391
10 06 1566
04 21 5433
10 16 2236
07 23 6818
05 10 3603
07 23 3596
09 05 5288
07 25 1964
01 21 8756
04 25 1673
08 14 4332
03 13 8105
03 09 9519
02 16 4574
06 11 9981
09 15 5981
01 28 7690
01 22 8639
08 31 2936
01 13 4802
02 15 3034
06 02 8798
08 22 5720
12 18 4472
09 21 7335
10 17 8907
12 02 8670
04 01 6695
02 03 8776
02 19 6704
09 23 3471
05 21 6860
07 27 2746
05 02 8526
07 13 7761
08 22 2962
04 23 5740
09 22 4182
07 18 9410
08 25 3247
01 03 8856
03 22 3260
11 03 3004
08 31 7853
02 18 7652
06 16 7594
06 12 4826
05 09 8290
11 12 7654
05 03 7702
02 15 7240
11 04 3387
05 09 5737
07 30 5607
11 28 7834
03 07 6115
09 24 8842
10 29 6745
05 10 9986
01 01 3633
06 06 2085
08 18 6474
12 08 4640
11 12 3909
04 30 3268
05 14 6129
09 01 3094
08 04 8355
06 09 4057
10 24 2606
09 19 8386
05 14 8132
08 22 4739
05 14 1062
02 20 9593
08 09 3069
07 30 5447
05 14 6540
12 28 1826
03 30 9494
03 15 9014
01 10 8129
11 17 8085
02 01 2806
10 13 9336
04 16 7664
11 29 8356
06 05 2133
02 27 7065
04 07 1980
03 13 7340
07 06 4121
11 16 5839
04 10 7298
05 21 7145
06 07 1655
03 28 2928
12 31 5525
02 21 5970
08 05 9140
12 29 9200
05 01 3998
11 14 4394
01 06 1954
04 09 6714
10 11 8610
07 06 6335
01 18 8694
11 06 8928
07 19 1166
12 19 7969
03 26 1980
09 17 2610
07 12 4417
11 13 2041
06 16 2824
12 31 6926
05 11 3349
03 23 5938
02 02 1868
04 22 1934
04 04 3052
12 30 4694
06 28 4214
09 12 8814
01 23 5817
05 13 6754
03 06 5113
08 28 5587
08 26 1075
02 02 6776
05 20 8322
08 17 1890
05 05 2270
03 09 3116
06 23 2688
11 13 8452
09 09 4919
02 06 4793
06 20 6281
01 16 8435
08 21 1794
10 22 2747
09 22 7283
10 16 9586
12 09 1470
09 08 2075
02 01 1835
04 06 8305
03 11 3416
02 11 1624
12 17 1085
07 24 3265
04 26 5243
12 07 2870
02 16 4877
02 08 4011
03 06 4859
12 23 2406
08 09 4763
07 30 9215
02 11 7930
02 15 2606
12 20 3363
03 25 8741
09 26 7352
02 28 3075
09 10 9577
09 21 4593
02 09 9259
05 14 8479
07 14 7654
09 24 1013
02 28 2008