8
2 3
$ 0
0 1
$ 1
3 4
0 1
$ 2
0 2
0 $
9 9
$ 0
0 1
1 3
3 2
2 4
6 7
4 5
5 8
8 $
10 10
0 1
1 2
2 3
4 5
5 6
7 1
8 2
9 3
6 4
5 0
10 1
0 1
10 10
$ 0
0 1
1 2
2 3
3 4
5 6
7 8
8 9
2 4
5 9
10 10
$ 0
$ 1
$ 2
$ 3
$ 4
$ 5
$ 6
$ 7
$ 8
$ 9
50 59
0 1
1 2
4 5
6 4
23 21
21 $
4 21
5 6
7 8
16 3
0 19
25 4
33 6
47 29
21 4
10 13
23 6
4 $
4 19
47 5
20 30
10 11
13 24
14 2
1 8
0 1
21 19
19 $
2 19
2 $
1 18
45 46
26 27
10 11
11 12
12 13
0 49
1 48
2 44
3 46
5 44
6 43
11 20
12 22
23 33
13 23
35 45
33 43
3 33
5 35
6 26
7 37
8 38
38 48
22 0
49 9
9 8
7 6
0 1

