15
B
12 134 523 64 3 15 33 7 58 91 236 190 27
S
100 234 173 234 42
B
23 17 6
S
2147483647 2147483646 2147483645 -2147483648 -2147483648
B
2147483647 2147483646 2147483645 2147483644 2147483643
S
1 2 3 4 5 6 7 8 9 10 11
S
-10 -9 -8 -7 -6 -5 -4 -3 -2 -1 0
B
-10 -9 -8 -7 -6 -5 -4 -3 -2 -1 0
S
2147483647 2147483646 2147483645 2147483644 2147483643
B
2147483647 2147483646 2147483645 -2147483648 -2147483648
S
923 213 432 123 4
B
0 0 0 0 0 0 0 0 0
S
0 0 0 0 0 0 0 0 0
B
1000 1001 1002
B
1003 110 213 123 1231
